1 64.30952380952381 4.833333333333333 21 105
1 11.708333333333334 5.241573033707865 48 89
1 14.23972602739726 4.874100719424461 73 139
1 56.5 4.591836734693878 31 98
1 27.5 4.655963302752293 50 109
1 27.38 4.9375 50 80
1 21.404761904761905 5.625 42 64
1 42.984848484848484 5.613207547169812 33 53
1 50.4 4.392857142857143 30 84
1 30.5 4.378048780487805 37 82
1 12.1 4.870786516853933 45 89
1 26.045454545454547 5.26 22 50
1 52.5 54.4 10 10
1 10.378787878787879 4.3625 33 80
1 7.566666666666666 10.488888888888889 75 90
