1 17.78787878787879 4.987603305785124 66 121
1 18.141509433962263 4.654545454545454 53 110
1 4.543478260869565 4.3108108108108105 46 111
1 21.595238095238095 4.785714285714286 42 119
1 47.526315789473685 4.126373626373627 38 91
1 40.86666666666667 4.4324324324324325 30 74
1 26.972727272727273 4.581632653061225 55 98
1 17.145569620253166 9.450819672131148 79 61
1 23.95 4.395833333333333 40 96
1 21.396551724137932 4.7 29 70
1 34.407407407407405 4.315533980582524 54 103
1 26.666666666666668 4.555555555555555 48 90
1 4.782051282051282 5.063218390804598 39 87
1 25.05 4.622222222222222 40 90
1 12.647058823529411 5.318181818181818 34 66
1 10.84 4.307339449541284 50 109
1 28.08823529411765 4.8023255813953485 17 43
1 50.026315789473685 47.0 19 14
1 20.988888888888887 4.59375 45 96
1 3.9146341463414633 4.864341085271318 82 129
1 0.7222222222222222 4.081967213114754 63 122
1 20.773972602739725 5.372 73 125
1 40.81818181818182 4.931372549019608 44 102
