1 36.07142857142857 5.7967032967032965 42 91
1 9.71311475409836 6.5144927536231885 61 69
1 8.314814814814815 6.635416666666667 81 96
1 52.6764705882353 6.621621621621622 34 74
1 23.657894736842106 6.8164556962025316 57 79
1 31.5 6.333333333333333 40 66
1 32.125 6.450819672131147 24 61
1 66.92857142857143 6.979166666666667 21 48
1 42.875 6.142857142857143 40 70
1 45.67857142857143 5.597222222222222 28 72
1 26.348484848484848 5.723684210526316 33 76
1 35.9 7.695121951219512 20 41
1 27.916666666666668 62.5 12 8
1 18.175675675675677 6.788135593220339 37 59
1 8.166666666666666 6.171428571428572 90 140
