1 32.32608695652174 5.422480620155039 46 129
1 27.34313725490196 5.480952380952381 51 105
1 0.5 6.0 20 68
1 10.935897435897436 5.801075268817204 39 93
1 32.96808510638298 5.704081632653061 47 98
1 13.865384615384615 5.915929203539823 52 113
1 49.258620689655174 5.473684210526316 29 76
1 34.5 6.185185185185185 22 54
1 58.33870967741935 5.470149253731344 31 67
1 49.88461538461539 6.891304347826087 26 46
1 46.75 5.566666666666666 32 75
1 49.53703703703704 5.416666666666667 27 72
1 27.09375 5.5125 32 80
1 61.4375 6.95945945945946 16 37
1 32.44117647058823 24.5 17 20
1 27.98 5.93859649122807 25 57
1 11.266666666666667 6.87037037037037 60 108
1 6.666666666666667 5.20873786407767 42 103
1 2.607142857142857 5.67741935483871 28 62
1 21.36111111111111 5.681102362204724 72 127
