1 18.421875 5.304511278195489 64 133
1 15.333333333333334 5.1 48 125
1 25.970588235294116 4.544943820224719 34 89
1 6.916666666666667 5.131578947368421 36 76
1 16.068181818181817 5.074074074074074 44 108
1 0.6206896551724138 4.882978723404255 58 141
1 25.263157894736842 5.166666666666667 38 87
1 2.3333333333333335 5.347058823529411 42 85
1 0.7 5.06989247311828 45 93
1 107.7 59.42857142857143 15 14
1 28.640350877192983 9.487179487179487 57 78
1 36.2027027027027 4.752427184466019 37 103
1 49.12068965517241 4.776923076923077 29 65
1 29.466101694915253 4.782442748091603 59 131
