1 15.25 4.656462585034014 68 147
1 10.473333333333333 6.048387096774194 75 93
1 32.214285714285715 4.3977272727272725 35 88
1 14.378787878787879 4.182926829268292 33 82
1 24.642857142857142 4.7 35 100
1 7.703389830508475 5.7 59 115
1 4.426829268292683 7.435483870967742 41 62
1 32.243589743589745 4.479591836734694 39 98
1 7.634615384615385 4.448979591836735 52 98
1 3.9565217391304346 4.461165048543689 46 103
1 4.17816091954023 5.0859375 87 128
1 27.59090909090909 40.94444444444444 22 18
1 23.651515151515152 5.318897637795276 66 127
1 35.73255813953488 4.608910891089109 43 101
1 49.875 3.8714285714285714 32 70
