1 17.040983606557376 6.752631578947368 61 95
1 20.125 5.882022471910112 56 89
1 5.078947368421052 4.717391304347826 38 92
1 16.68421052631579 6.833333333333333 38 84
1 36.69565217391305 4.975609756097561 46 82
1 44.59090909090909 5.0588235294117645 33 68
1 22.349056603773583 5.328282828282828 53 99
1 20.833333333333332 5.48 42 100
1 24.22093023255814 5.011363636363637 43 88
1 27.934782608695652 5.140625 23 64
1 40.872093023255815 5.074712643678161 43 87
1 36.47222222222222 4.639240506329114 36 79
1 21.603448275862068 5.548387096774194 29 62
1 34.810344827586206 4.86144578313253 29 83
1 22.371794871794872 4.932098765432099 39 81
1 7.325581395348837 5.232673267326732 86 101
1 41.026315789473685 5.905405405405405 19 37
1 44.26190476190476 23.77777777777778 21 18
1 7.776595744680851 5.314814814814815 47 81
1 13.928571428571429 6.511363636363637 42 88
1 8.445454545454545 5.446236559139785 55 93
1 22.115384615384617 7.864705882352941 65 85
1 40.077777777777776 5.272277227722772 45 101
