1 13.955555555555556 5.508264462809917 90 121
1 16.08823529411765 5.043859649122807 51 114
1 1.08 4.745762711864407 50 118
1 25.0 4.525316455696203 48 79
1 29.46551724137931 4.236111111111111 29 72
1 13.576923076923077 4.773584905660377 65 106
1 12.935897435897436 4.665217391304348 39 115
1 10.112244897959183 4.511363636363637 49 88
1 1.8823529411764706 4.720588235294118 34 68
1 28.065217391304348 4.932098765432099 46 81
1 21.38235294117647 4.246835443037975 34 79
1 0.5 5.291044776119403 39 67
1 13.628205128205128 4.6875 39 80
1 9.557142857142857 4.266666666666667 35 90
1 11.38888888888889 4.921052631578948 18 38
1 90.88888888888889 41.088235294117645 18 17
1 19.76923076923077 5.743243243243243 78 111
1 21.7 5.080645161290323 70 93
