1 10.447761194029852 4.332432432432433 134 185
1 20.91176470588235 3.8858267716535435 51 127
1 9.852941176470589 4.0 85 116
1 12.891752577319588 4.615107913669065 97 139
1 33.25 3.231707317073171 56 82
1 30.5 3.878640776699029 51 103
1 19.945945945945947 4.481308411214953 74 107
1 36.96875 3.2938144329896906 32 97
1 23.725 3.7666666666666666 40 75
1 16.63888888888889 4.136363636363637 72 99
1 21.703389830508474 3.595890410958904 59 73
1 50.40909090909091 3.5634920634920637 22 63
1 26.807692307692307 3.8625 39 80
1 21.27777777777778 3.252577319587629 36 97
1 5.224137931034483 3.8009708737864076 58 103
1 9.87037037037037 3.4166666666666665 27 60
1 23.653846153846153 42.75 13 12
