1 29.416666666666668 5.644 60 125
1 33.75 6.443820224719101 44 89
1 3.638888888888889 5.473333333333334 36 75
1 9.854166666666666 6.825 48 80
1 46.10526315789474 5.315533980582524 38 103
1 16.87704918032787 6.17 61 100
1 65.70833333333333 6.128571428571429 24 70
1 43.35 6.7075471698113205 20 53
1 59.98 7.477777777777778 25 45
1 56.87931034482759 6.1571428571428575 29 70
1 57.65384615384615 5.597222222222222 26 72
1 35.214285714285715 6.385714285714286 28 70
1 71.5 7.421052631578948 15 38
1 30.73076923076923 25.6 13 10
1 34.75 6.518518518518518 24 54
1 11.454545454545455 5.5625 66 144
1 8.275 5.797872340425532 40 94
1 6.62 6.064516129032258 25 62
1 33.75 6.588495575221239 56 113
