1 21.283333333333335 5.484126984126984 60 126
1 12.211864406779661 4.962121212121212 59 132
1 26.62121212121212 4.568965517241379 33 87
1 6.695121951219512 4.954545454545454 41 77
1 13.51923076923077 4.783185840707965 52 113
1 0.6346153846153846 4.821428571428571 52 140
1 27.352941176470587 5.5625 34 80
1 2.8095238095238093 4.971264367816092 42 87
1 1.6951219512195121 5.016483516483516 41 91
1 96.5 48.3235294117647 17 17
1 24.946153846153845 5.8130434782608695 65 115
1 30.63953488372093 5.456043956043956 43 91
1 41.55714285714286 4.796875 35 64
1 29.516666666666666 5.586206896551724 60 116
