1 13.72340425531915 5.224409448818897 94 127
1 13.237704918032787 4.906779661016949 61 118
1 0.5 4.9655172413793105 48 116
1 23.683673469387756 4.425 49 80
1 26.933333333333334 4.212328767123288 30 73
1 15.114035087719298 4.733644859813084 57 107
1 8.375 4.815789473684211 56 114
1 9.112244897959183 4.614942528735632 49 87
1 0.5 4.614285714285714 41 70
1 31.4 4.865853658536586 40 82
1 21.25 4.225 32 80
1 14.071428571428571 4.660493827160494 35 81
1 6.9523809523809526 4.258241758241758 42 91
1 7.261904761904762 4.357142857142857 21 42
1 91.61111111111111 43.6764705882353 18 17
1 15.48019801980198 5.797297297297297 101 111
1 26.42982456140351 4.973684210526316 57 95
