1 24.632075471698112 5.436507936507937 53 126
1 12.09322033898305 5.0 59 132
1 26.681818181818183 4.5344827586206895 33 87
1 9.5 4.863636363636363 30 77
1 15.840909090909092 4.86036036036036 44 111
1 0.6012658227848101 4.8 79 140
1 0.5909090909090909 4.59 33 100
1 25.175675675675677 5.2023809523809526 37 84
1 4.637931034482759 4.85632183908046 29 87
1 1.4830508474576272 5.095505617977528 59 89
1 96.32352941176471 47.970588235294116 17 17
1 31.5 6.311320754716981 51 106
1 31.333333333333332 5.131578947368421 42 95
1 50.91379310344828 4.545454545454546 29 66
1 41.63953488372093 5.270491803278689 43 122
