1 14.678571428571429 4.755813953488372 84 129
1 14.362068965517242 5.091836734693878 58 98
1 8.220588235294118 4.369565217391305 68 138
1 38.96511627906977 3.788659793814433 43 97
1 23.5 4.205128205128205 46 78
1 22.204918032786885 4.29 61 100
1 15.513698630136986 10.736363636363636 73 55
1 18.976190476190474 4.459595959595959 42 99
1 10.364864864864865 4.1455696202531644 37 79
1 34.801886792452834 4.3076923076923075 53 104
1 32.8235294117647 3.9711538461538463 34 104
1 19.71951219512195 7.166666666666667 41 60
1 6.338709677419355 4.5246913580246915 31 81
1 6.564102564102564 4.1525423728813555 78 118
1 10.75 4.166666666666667 20 45
1 50.63333333333333 48.57692307692308 15 13
1 14.81578947368421 4.5095238095238095 57 105
1 2.973684210526316 4.548611111111111 76 144
1 23.78787878787879 5.675438596491228 66 114
1 28.11904761904762 4.350467289719626 63 107
