1 15.25 5.8130434782608695 80 115
1 17.071428571428573 5.163636363636364 49 110
1 2.650943396226415 5.245283018867925 53 106
1 27.23913043478261 4.615384615384615 46 78
1 32.08620689655172 4.274647887323944 29 71
1 13.757575757575758 4.884615384615385 66 104
1 11.708333333333334 4.845454545454546 48 110
1 13.9 4.366666666666666 40 90
1 4.982758620689655 4.485714285714286 29 70
1 25.653846153846153 4.944444444444445 52 81
1 21.716216216216218 4.282051282051282 37 78
1 2.1216216216216215 5.1716417910447765 37 67
1 12.5 4.782051282051282 46 78
1 7.911764705882353 4.275280898876405 51 89
1 1.2272727272727273 4.728813559322034 66 118
1 12.818181818181818 5.013513513513513 22 37
1 85.07894736842105 38.970588235294116 19 17
1 15.75 5.839449541284404 96 109
1 25.483606557377048 4.887755102040816 61 98
