1 36.40384615384615 4.773255813953488 52 172
1 26.130434782608695 4.081967213114754 46 122
1 11.793103448275861 4.163551401869159 58 107
1 14.536144578313253 4.527972027972028 83 143
1 38.31395348837209 3.8271028037383177 43 107
1 25.43103448275862 4.328828828828829 58 111
1 24.446428571428573 3.60752688172043 56 93
1 31.1 3.7435897435897436 30 78
1 24.403225806451612 4.009615384615385 62 104
1 24.953125 3.292682926829268 64 82
1 39.59090909090909 3.576923076923077 33 65
1 29.1046511627907 3.544943820224719 43 89
1 23.78205128205128 3.3526315789473684 39 95
1 6.948275862068965 4.106060606060606 58 99
1 14.12962962962963 3.5166666666666666 27 60
1 29.03846153846154 45.0 13 12
1 2.090909090909091 3.4574468085106385 44 94
