1 41.611111111111114 6.016949152542373 45 118
1 34.54545454545455 6.738095238095238 44 84
1 5.666666666666667 6.303030303030303 36 66
1 11.709302325581396 7.527777777777778 43 72
1 44.451219512195124 5.46969696969697 41 99
1 22.663265306122447 6.844827586206897 49 87
1 55.98275862068966 6.071428571428571 29 70
1 45.6 6.726415094339623 20 53
1 78.25 7.704545454545454 20 44
1 55.016129032258064 6.035211267605634 31 71
1 59.69230769230769 6.067164179104478 26 67
1 35.43103448275862 6.02054794520548 29 73
1 57.23684210526316 8.0 19 36
1 32.13636363636363 25.8 11 10
1 40.18181818181818 6.613207547169812 22 53
1 12.277777777777779 6.350393700787402 63 127
1 9.11111111111111 5.74468085106383 36 94
1 7.615384615384615 6.551724137931035 26 58
