1 14.037313432835822 4.47093023255814 67 172
1 29.15625 4.213114754098361 32 122
1 18.903846153846153 3.68796992481203 52 133
1 29.068181818181817 4.273049645390071 44 141
1 63.43333333333333 3.4603960396039604 30 101
1 71.875 3.5123456790123457 24 81
1 30.92 5.329268292682927 50 82
1 35.03658536585366 4.199115044247788 41 113
1 34.5625 3.895348837209302 32 86
1 44.95454545454545 3.94 22 75
1 34.53448275862069 4.004854368932039 29 103
1 37.98 3.668831168831169 25 77
1 41.06521739130435 4.394736842105263 23 57
1 15.650943396226415 4.0256410256410255 53 78
1 18.7 3.6808510638297873 35 94
1 9.25 3.6926605504587156 28 109
1 8.06 4.0 25 58
1 80.25 49.59090909090909 12 11
