1 34.3 6.071428571428571 50 91
1 12.872549019607844 6.04054054054054 51 74
1 15.047619047619047 6.533707865168539 42 89
1 48.8448275862069 6.734567901234568 29 81
1 55.425925925925924 5.797297297297297 27 74
1 32.46666666666667 6.666666666666667 30 60
1 67.125 8.113636363636363 24 44
1 127.43333333333334 6.222222222222222 15 72
1 48.28125 5.894366197183099 32 71
1 35.5 6.705882352941177 33 68
1 64.43333333333334 8.397435897435898 15 39
1 24.0 63.875 10 8
1 35.27777777777778 6.982142857142857 27 56
1 10.935897435897436 5.793706293706293 78 143
1 6.108695652173913 5.829670329670329 46 91
1 4.0 6.703125 38 64
