1 23.205882352941178 4.8046875 51 128
1 12.0 5.297979797979798 70 99
1 3.161764705882353 5.508196721311475 68 122
1 33.91463414634146 4.716867469879518 41 83
1 21.289473684210527 4.513333333333334 38 75
1 29.064102564102566 4.782608695652174 39 92
1 9.987804878048781 10.881818181818181 82 55
1 12.037037037037036 5.017241379310345 54 87
1 1.2234042553191489 4.60126582278481 47 79
1 34.75 4.677083333333333 44 96
1 17.25 5.123529411764705 44 85
1 13.329268292682928 4.721052631578948 41 95
1 9.975609756097562 5.389908256880734 82 109
1 60.42307692307692 45.42857142857143 13 14
1 10.86111111111111 5.076086956521739 36 92
1 2.3513513513513513 4.884615384615385 74 143
1 37.88095238095238 4.840740740740741 42 135
1 34.19387755102041 4.578431372549019 49 102
1 43.872093023255815 4.279411764705882 43 68
