1 47.741379310344826 5.166666666666667 29 99
1 18.257575757575758 5.4397590361445785 33 83
1 12.056962025316455 5.896551724137931 79 116
1 44.756410256410255 5.054347826086956 39 92
1 32.476190476190474 5.510309278350515 42 97
1 33.782051282051285 5.54054054054054 39 74
1 18.717391304347824 6.745614035087719 46 57
1 38.0945945945946 7.086956521739131 37 46
1 58.166666666666664 4.833333333333333 27 81
1 32.72222222222222 5.046666666666667 36 75
1 20.766666666666666 5.017241379310345 30 87
1 24.98 6.825581395348837 25 43
1 55.9 51.0 10 10
1 11.526315789473685 5.485294117647059 38 68
1 8.720779220779221 7.6440677966101696 77 118
