1 13.128205128205128 6.857142857142857 78 98
1 16.631147540983605 5.787234042553192 61 94
1 3.5 4.59375 46 96
1 13.220930232558139 5.52 43 100
1 37.77906976744186 4.711764705882353 43 85
1 44.5 4.934782608695652 31 69
1 23.229166666666668 5.264705882352941 48 102
1 19.802325581395348 5.391089108910891 43 101
1 23.475609756097562 4.684782608695652 41 92
1 22.86 5.053846153846154 25 65
1 34.56122448979592 5.005747126436781 49 87
1 36.44117647058823 4.653846153846154 34 78
1 18.5 5.46875 28 64
1 28.875 4.714285714285714 32 84
1 18.045454545454547 4.865853658536586 44 82
1 8.257142857142858 10.096774193548388 70 62
1 53.57692307692308 5.743243243243243 13 37
1 56.785714285714285 28.441176470588236 21 17
1 6.719512195121951 4.71978021978022 41 91
1 9.166666666666666 5.948979591836735 51 98
1 6.5625 5.177083333333333 48 96
1 19.568493150684933 7.315217391304348 73 92
1 27.053846153846155 5.212871287128713 65 101
