1 13.153846153846153 6.877551020408164 78 98
1 16.258064516129032 5.865591397849462 62 93
1 3.5 4.604166666666667 45 96
1 13.034883720930232 5.46039603960396 43 101
1 38.54761904761905 4.7 42 85
1 44.24193548387097 4.920289855072464 31 69
1 23.606382978723403 5.321782178217822 47 101
1 19.709302325581394 5.333333333333333 43 102
1 23.925 4.673913043478261 40 92
1 22.58 5.038461538461538 25 65
1 35.90425531914894 4.994252873563219 47 87
1 35.18571428571428 4.653846153846154 35 78
1 18.178571428571427 5.484375 28 64
1 28.65625 4.714285714285714 32 84
1 17.5 4.932098765432099 45 81
1 7.815068493150685 10.368852459016393 73 61
1 53.03846153846154 5.716216216216216 13 37
1 58.166666666666664 29.38235294117647 21 17
1 6.7 4.71978021978022 40 91
1 9.18 5.893939393939394 50 99
1 6.1938775510204085 5.1875 49 96
1 20.1056338028169 7.252688172043011 71 93
1 27.023076923076925 5.08252427184466 65 103
