1 24.5 5.060975609756097 56 123
1 13.823529411764707 5.5 68 92
1 0.5 4.064885496183206 27 131
1 11.877777777777778 4.605263157894737 45 133
1 37.1 4.127659574468085 45 94
1 54.65 4.435064935064935 20 77
1 51.31481481481482 4.71505376344086 27 93
1 13.884615384615385 11.82 78 50
1 15.518518518518519 4.724489795918367 54 98
1 13.533333333333333 4.578947368421052 30 76
1 52.81428571428572 4.681818181818182 35 99
1 31.61764705882353 4.387755102040816 34 98
1 20.6 5.67948717948718 40 78
1 11.456521739130435 5.1103896103896105 23 77
1 13.324561403508772 4.872727272727273 57 110
1 13.023809523809524 4.941860465116279 21 43
1 74.13636363636364 49.333333333333336 11 12
1 10.773972602739725 4.9787234042553195 73 94
1 6.811475409836065 4.913533834586466 61 133
1 0.5 4.326086956521739 31 115
1 29.724137931034484 4.927480916030534 58 131
1 31.39830508474576 5.089473684210526 59 95
