1 40.40243902439025 6.295454545454546 41 88
1 10.029411764705882 6.7153846153846155 51 65
1 14.25 6.476190476190476 40 84
1 33.11538461538461 7.809859154929577 39 71
1 64.26 5.986111111111111 25 72
1 47.69047619047619 7.185185185185185 21 54
1 82.25 8.267441860465116 20 43
1 39.180851063829785 6.634328358208955 47 67
1 49.96875 6.838709677419355 32 62
1 28.5 6.414285714285715 41 70
1 54.18421052631579 9.529411764705882 19 34
1 27.055555555555557 71.5 9 7
1 48.95 7.704081632653061 20 49
1 11.283783783783784 6.093984962406015 74 133
1 7.546511627906977 5.647368421052631 43 95
1 5.655555555555556 8.028301886792454 45 53
