1 14.379032258064516 4.4944444444444445 124 180
1 24.840425531914892 3.956 47 125
1 12.587719298245615 3.8304347826086955 57 115
1 12.763157894736842 4.424137931034482 95 145
1 41.34615384615385 3.811320754716981 39 106
1 25.04237288135593 4.363636363636363 59 110
1 27.051020408163264 3.564516129032258 49 93
1 26.585714285714285 3.8866666666666667 35 75
1 28.62 3.8679245283018866 50 106
1 29.676470588235293 3.1867469879518073 51 83
1 46.5 3.4846153846153847 27 65
1 29.20731707317073 3.5454545454545454 41 88
1 26.08823529411765 3.3421052631578947 34 95
1 8.053191489361701 3.9554455445544554 47 101
1 12.051724137931034 3.4833333333333334 29 60
1 28.03846153846154 44.0 13 12
1 1.380952380952381 3.375 42 96
