1 13.471014492753623 6.3584905660377355 69 106
1 19.581967213114755 7.276315789473684 61 76
1 2.0681818181818183 5.703883495145631 44 103
1 32.308510638297875 5.992957746478873 47 71
1 43.464285714285715 5.69672131147541 28 61
1 22.855555555555554 6.288235294117647 45 85
1 5.424050632911392 5.3320610687022905 79 131
1 16.28846153846154 5.281609195402299 52 87
1 4.294871794871795 5.811475409836065 39 61
1 39.0 5.17816091954023 38 87
1 26.884615384615383 5.126666666666667 39 75
1 13.23076923076923 5.948275862068965 26 58
1 21.614285714285714 5.5256410256410255 35 78
1 14.0 5.726666666666667 50 75
1 6.405405405405405 6.205882352941177 74 85
1 16.97826086956522 6.944444444444445 23 36
1 65.0 16.125 16 16
1 2.310344827586207 6.088235294117647 58 68
1 3.4125 6.290909090909091 80 110
1 19.546875 5.2611940298507465 64 134
1 24.76984126984127 5.661290322580645 63 93
