1 14.76271186440678 4.596045197740113 118 177
1 24.585106382978722 3.9126984126984126 47 126
1 11.790322580645162 3.8017241379310347 62 116
1 13.195652173913043 4.304054054054054 92 148
1 43.310810810810814 3.7429906542056073 37 107
1 22.79230769230769 4.518691588785047 65 107
1 31.11904761904762 3.478723404255319 42 94
1 21.709302325581394 3.7467532467532467 43 77
1 23.635593220338983 3.817757009345794 59 107
1 30.9375 3.231707317073171 48 82
1 42.63793103448276 3.578125 29 64
1 30.192307692307693 3.6882352941176473 39 85
1 25.647058823529413 3.3421052631578947 34 95
1 8.0 3.9455445544554455 46 101
1 11.266666666666667 3.466666666666667 30 60
1 27.576923076923077 43.416666666666664 13 12
1 1.0714285714285714 3.3247422680412373 42 97
