1 10.592436974789916 4.835329341317365 119 167
1 22.152173913043477 4.090163934426229 46 122
1 10.573170731707316 3.8801652892561984 82 121
1 19.045454545454547 4.082781456953643 66 151
1 40.75 3.302469135802469 44 81
1 54.892857142857146 3.5 28 110
1 21.264705882352942 5.930232558139535 68 86
1 20.971698113207548 3.883720930232558 53 86
1 22.174418604651162 4.235294117647059 43 68
1 17.70967741935484 4.231958762886598 62 97
1 18.951612903225808 3.7714285714285714 62 70
1 30.676470588235293 3.9915254237288136 34 59
1 35.357142857142854 3.5833333333333335 28 84
1 17.451219512195124 3.5434782608695654 41 92
1 5.7 3.8529411764705883 50 102
1 8.75925925925926 3.466666666666667 27 60
1 19.2 47.59090909090909 20 11
