1 16.305194805194805 4.763565891472868 77 129
1 14.083333333333334 4.94 60 100
1 8.671875 4.448529411764706 64 136
1 43.03846153846154 3.8645833333333335 39 96
1 24.122222222222224 4.158227848101266 45 79
1 22.7 4.3 60 100
1 15.256756756756756 10.718181818181819 74 55
1 20.2 4.323529411764706 40 102
1 10.58108108108108 4.230769230769231 37 78
1 33.71818181818182 4.326923076923077 55 104
1 35.95161290322581 4.078431372549019 31 102
1 19.890243902439025 7.605263157894737 41 57
1 6.790322580645161 4.574074074074074 31 81
1 7.337837837837838 4.368421052631579 74 114
1 12.5 4.233333333333333 18 45
1 54.857142857142854 48.26923076923077 14 13
1 16.00943396226415 4.5576923076923075 53 104
1 3.3684210526315788 4.598591549295775 76 142
1 23.455882352941178 5.440677966101695 68 118
1 28.373015873015873 4.4523809523809526 63 105
