1 12.634146341463415 6.548543689320389 82 103
1 16.35 5.978260869565218 60 92
1 3.4473684210526314 4.541237113402062 38 97
1 11.22340425531915 5.166666666666667 47 105
1 38.792682926829265 4.546511627906977 41 86
1 41.5 4.833333333333333 32 69
1 21.323529411764707 5.2254901960784315 51 102
1 19.24418604651163 5.1826923076923075 43 104
1 23.705128205128204 4.5978260869565215 39 92
1 21.18 4.976923076923077 25 65
1 38.54651162790697 4.863636363636363 43 88
1 33.22222222222222 4.642857142857143 36 77
1 15.016129032258064 5.3307692307692305 31 65
1 27.625 4.630952380952381 32 84
1 16.095744680851062 4.87037037037037 47 81
1 6.370588235294117 11.681818181818182 85 55
1 50.11538461538461 5.554054054054054 13 37
1 61.45238095238095 32.5 21 17
1 5.188888888888889 4.825842696629214 45 89
1 6.291044776119403 5.596153846153846 67 104
1 5.543478260869565 5.276595744680851 46 94
1 18.346153846153847 6.958333333333333 78 96
1 26.79230769230769 4.7407407407407405 65 108
