1 10.484496124031008 4.488826815642458 129 179
1 21.418367346938776 3.9285714285714284 49 126
1 10.083333333333334 3.9491525423728815 84 118
1 14.569767441860465 4.423076923076923 86 143
1 35.34615384615385 3.2439024390243905 52 82
1 36.01162790697674 3.7169811320754715 43 106
1 20.36111111111111 4.9 72 100
1 29.705128205128204 3.4468085106382977 39 94
1 23.182926829268293 3.8972602739726026 41 73
1 16.86231884057971 4.136363636363637 69 99
1 20.733333333333334 3.6527777777777777 60 72
1 41.76923076923077 3.6774193548387095 26 62
1 29.32857142857143 3.731707317073171 35 82
1 19.710526315789473 3.363157894736842 38 95
1 5.390909090909091 3.8009708737864076 55 103
1 9.5 3.433333333333333 27 60
1 18.875 43.75 16 12
