1 13.866666666666667 5.55 90 120
1 17.166666666666668 5.075221238938053 48 113
1 1.38 4.720338983050848 50 118
1 25.73404255319149 4.602564102564102 47 78
1 30.051724137931036 4.302816901408451 29 71
1 13.246268656716419 4.773584905660377 67 106
1 12.333333333333334 4.747787610619469 42 113
1 10.797872340425531 4.5 47 88
1 2.923076923076923 4.6 26 70
1 27.083333333333332 4.932098765432099 48 81
1 21.271428571428572 4.246835443037975 35 79
1 0.5 5.291044776119403 39 67
1 13.5 4.6875 40 80
1 8.524390243902438 4.2555555555555555 41 90
1 10.738095238095237 4.921052631578948 21 38
1 90.66666666666667 40.5 18 17
1 18.05294117647059 5.7342342342342345 85 111
1 23.151515151515152 4.984210526315789 66 95
