1 20.20689655172414 4.9015748031496065 58 127
1 11.928571428571429 5.31 70 100
1 2.730769230769231 5.428 65 125
1 31.96511627906977 4.716867469879518 43 83
1 22.52857142857143 4.594594594594595 35 74
1 30.175675675675677 4.782608695652174 37 92
1 9.841463414634147 8.76865671641791 82 67
1 11.245454545454546 4.833333333333333 55 90
1 38.782051282051285 4.666666666666667 39 96
1 16.727272727272727 5.135294117647059 44 85
1 12.841463414634147 4.742105263157895 41 95
1 9.418604651162791 5.1902654867256635 86 113
1 10.305555555555555 5.0978260869565215 36 92
1 2.047945205479452 4.940559440559441 73 143
1 27.362068965517242 4.877777777777778 58 135
1 30.318181818181817 4.628712871287129 55 101
1 50.445945945945944 4.264705882352941 37 68
