1 42.55263157894737 6.488235294117647 38 85
1 11.814285714285715 6.484615384615385 35 65
1 13.74390243902439 6.285714285714286 41 84
1 30.9 7.985714285714286 40 70
1 58.82142857142857 5.801369863013699 28 73
1 41.291666666666664 6.754545454545455 24 55
1 78.21428571428571 8.5 21 41
1 44.8 6.7615384615384615 40 65
1 57.357142857142854 6.966666666666667 28 60
1 38.91379310344828 6.619402985074627 29 67
1 62.970588235294116 8.814285714285715 17 35
1 28.5 57.375 9 8
1 43.90909090909091 7.797872340425532 22 47
1 14.839285714285714 5.737410071942446 56 139
1 7.666666666666667 5.691489361702128 42 94
1 7.5 7.375 35 56
