1 8.256302521008404 5.056962025316456 119 158
1 24.141025641025642 4.044 39 125
1 15.564516129032258 5.028846153846154 62 104
1 20.71311475409836 4.365248226950355 61 141
1 63.43333333333333 3.381188118811881 30 101
1 55.145161290322584 3.462962962962963 31 81
1 25.65 4.404255319148936 60 94
1 27.153846153846153 5.166666666666667 52 96
1 29.583333333333332 3.784090909090909 36 88
1 22.686046511627907 4.485074626865671 43 67
1 15.595238095238095 4.4787234042553195 63 94
1 20.357142857142858 6.104166666666667 49 48
1 37.9 4.258620689655173 25 58
1 21.214285714285715 3.875 42 80
1 19.176470588235293 3.595744680851064 34 94
1 9.214285714285714 3.646788990825688 28 109
1 7.5 3.8793103448275863 27 58
1 37.93478260869565 48.22727272727273 23 11
