1 42.473684210526315 6.406976744186046 38 86
1 11.911764705882353 6.453846153846154 34 65
1 14.1 6.170588235294118 40 85
1 33.28378378378378 7.866197183098592 37 71
1 61.129629629629626 5.702702702702703 27 74
1 44.95454545454545 6.736363636363636 22 55
1 78.16666666666667 8.238095238095237 21 42
1 43.6219512195122 6.621212121212121 41 66
1 59.5 7.076271186440678 27 59
1 35.15625 6.604477611940299 32 67
1 63.14705882352941 8.5 17 36
1 29.055555555555557 49.388888888888886 9 9
1 41.93478260869565 7.75531914893617 23 47
1 14.293103448275861 5.685714285714286 58 140
1 8.05 5.680851063829787 40 94
1 6.921052631578948 7.339285714285714 38 56
