1 21.1734693877551 4.971074380165289 49 121
1 29.3 5.738636363636363 40 88
1 1.7291666666666667 5.040229885057471 48 87
1 14.475 6.761904761904762 40 84
1 41.975 4.735294117647059 40 85
1 44.40909090909091 5.2272727272727275 33 66
1 26.655555555555555 5.639784946236559 45 93
1 18.27777777777778 5.235849056603773 45 106
1 26.346153846153847 4.693548387096774 39 93
1 25.934782608695652 5.370967741935484 23 62
1 44.44871794871795 5.097701149425287 39 87
1 40.0 4.756410256410256 32 78
1 20.241935483870968 5.913793103448276 31 58
1 29.176470588235293 5.125 34 80
1 21.925 4.714285714285714 40 84
1 8.84920634920635 7.472222222222222 63 72
1 46.9375 6.25 16 36
1 30.4 27.394736842105264 20 19
1 9.45 5.154320987654321 40 81
1 14.075 7.2073170731707314 40 82
1 12.142857142857142 5.988372093023256 42 86
1 28.715686274509803 5.543478260869565 51 115
1 37.797872340425535 4.911214953271028 47 107
