1 13.205128205128204 6.8979591836734695 78 98
1 15.817460317460318 5.967391304347826 63 92
1 3.5952380952380953 4.614583333333333 42 96
1 12.477272727272727 5.392156862745098 44 102
1 40.25 4.676470588235294 40 85
1 42.46875 4.920289855072464 32 69
1 24.477777777777778 5.3316831683168315 45 101
1 19.593023255813954 5.286407766990291 43 103
1 24.26923076923077 4.663043478260869 39 92
1 22.14 5.038461538461538 25 65
1 38.11363636363637 4.982758620689655 44 87
1 33.833333333333336 4.707792207792208 36 77
1 17.678571428571427 5.407692307692308 28 65
1 28.28125 4.7023809523809526 32 84
1 16.54255319148936 4.932098765432099 47 81
1 7.069620253164557 10.7 79 60
1 52.11538461538461 5.662162162162162 13 37
1 59.11904761904762 30.147058823529413 21 17
1 6.576923076923077 4.71978021978022 39 91
1 9.051020408163266 5.787128712871287 49 101
1 5.68 5.197916666666667 50 96
1 17.61111111111111 7.148936170212766 81 94
1 26.976923076923075 4.796296296296297 65 108
