1 33.93589743589744 4.421052631578948 39 114
1 11.0 5.054347826086956 54 92
1 17.223076923076924 5.2984496124031 65 129
1 46.31578947368421 4.247572815533981 38 103
1 27.25 5.09 52 100
1 26.666666666666668 4.348837209302325 54 86
1 33.32142857142857 4.3533333333333335 28 75
1 37.833333333333336 4.315533980582524 48 103
1 40.45652173913044 3.8625 46 80
1 43.22727272727273 4.689655172413793 33 58
1 42.64705882352941 4.178571428571429 34 84
1 31.58823529411765 3.859550561797753 34 89
1 10.214285714285714 4.308080808080808 49 99
1 19.96153846153846 4.462962962962963 26 54
1 36.03846153846154 46.166666666666664 13 12
1 6.730769230769231 4.095238095238095 39 84
1 5.373015873015873 14.848484848484848 63 66
