1 36.30434782608695 6.219101123595506 46 89
1 10.31132075471698 6.58955223880597 53 67
1 12.456521739130435 7.082278481012659 46 79
1 28.138297872340427 6.961538461538462 47 78
1 62.7 6.326086956521739 25 69
1 39.7 6.850877192982456 25 57
1 65.22 9.26923076923077 25 39
1 40.43478260869565 6.357142857142857 46 70
1 60.96153846153846 6.2611940298507465 26 67
1 37.693548387096776 6.263888888888889 31 72
1 58.73529411764706 10.758064516129032 17 31
1 24.944444444444443 71.92857142857143 9 7
1 46.357142857142854 7.46078431372549 21 51
1 16.057692307692307 5.676056338028169 52 142
1 8.527027027027026 5.858695652173913 37 92
1 8.537037037037036 8.46078431372549 27 51
