1 37.79545454545455 6.144444444444445 44 90
1 9.777777777777779 6.636363636363637 54 66
1 13.914634146341463 6.523809523809524 41 84
1 29.65909090909091 7.554794520547945 44 73
1 63.66 5.986111111111111 25 72
1 45.40909090909091 7.0636363636363635 22 55
1 78.07142857142857 8.290697674418604 21 43
1 35.57692307692308 6.544117647058823 52 68
1 48.28787878787879 6.609375 33 64
1 29.3 6.442857142857143 40 70
1 53.5 10.25 19 32
1 26.166666666666668 71.78571428571429 9 7
1 57.5 7.56 17 50
1 11.297297297297296 5.963235294117647 74 136
1 7.865853658536586 5.647368421052631 41 95
1 5.987804878048781 8.25 41 52
