1 13.064102564102564 6.826530612244898 78 98
1 17.15 5.689473684210526 60 95
1 3.4183673469387754 4.572916666666667 49 96
1 13.857142857142858 5.653061224489796 42 98
1 36.34444444444444 4.7976190476190474 45 84
1 46.5 4.857142857142857 30 70
1 22.48 5.264705882352941 50 102
1 19.941860465116278 5.44 43 100
1 22.686046511627907 4.695652173913044 43 92
1 23.38 5.053846153846154 25 65
1 32.78846153846154 4.965909090909091 52 88
1 38.015151515151516 4.666666666666667 33 78
1 19.142857142857142 5.531746031746032 28 63
1 29.34375 4.726190476190476 32 84
1 19.214285714285715 4.789156626506024 42 83
1 9.548387096774194 9.753968253968255 62 63
1 54.73076923076923 5.77027027027027 13 37
1 55.30952380952381 27.441176470588236 21 17
1 6.77906976744186 4.708791208791209 43 91
1 9.179245283018869 6.052083333333333 53 96
1 7.3478260869565215 5.15625 46 96
1 19.31081081081081 7.466666666666667 74 90
1 27.115384615384617 5.552083333333333 65 96
