1 17.03731343283582 5.0396825396825395 67 126
1 12.065217391304348 5.315533980582524 69 103
1 1.8035714285714286 6.012820512820513 56 117
1 29.58888888888889 4.654761904761905 45 84
1 24.4 4.621621621621622 30 74
1 32.40909090909091 4.747311827956989 33 93
1 10.405405405405405 6.1063829787234045 74 94
1 9.394736842105264 4.638297872340425 57 94
1 45.8125 4.666666666666667 32 96
1 14.922222222222222 5.028735632183908 45 87
1 11.475609756097562 4.739583333333333 41 96
1 8.909090909090908 4.908333333333333 88 120
1 7.975 5.163043478260869 40 92
1 1.147887323943662 5.2214285714285715 71 140
1 20.23076923076923 5.018796992481203 78 133
1 26.11904761904762 4.860824742268041 63 97
1 64.67857142857143 4.205882352941177 28 68
