1 13.829545454545455 4.707692307692308 88 130
1 15.481132075471699 5.091836734693878 53 98
1 9.112903225806452 4.383211678832117 62 137
1 38.96511627906977 3.7577319587628866 43 97
1 24.988372093023255 4.05 43 80
1 21.774193548387096 4.29 62 100
1 15.527397260273972 10.736363636363636 73 55
1 18.80952380952381 4.228155339805825 42 103
1 11.029411764705882 4.0625 34 80
1 32.875 4.223809523809524 56 105
1 26.5 3.9095238095238094 42 105
1 19.142857142857142 6.335820895522388 42 67
1 6.016129032258065 4.5 31 81
1 6.635135135135135 4.05 74 120
1 9.880952380952381 4.021739130434782 21 46
1 50.233333333333334 48.88461538461539 15 13
1 15.154545454545454 4.397196261682243 55 107
1 2.642857142857143 4.604895104895105 77 143
1 22.926470588235293 5.692982456140351 68 114
1 29.838983050847457 4.369158878504673 59 107
