1 31.093220338983052 5.752032520325203 59 123
1 34.31818181818182 6.785714285714286 44 84
1 5.590909090909091 6.147058823529412 33 68
1 13.916666666666666 7.246666666666667 36 75
1 43.98780487804878 5.371287128712871 41 101
1 30.305555555555557 6.863636363636363 36 88
1 55.60344827586207 5.902777777777778 29 72
1 50.111111111111114 7.049019607843137 18 51
1 77.55 7.522222222222222 20 45
1 52.84375 6.142857142857143 32 70
1 59.23076923076923 5.891304347826087 26 69
1 35.08620689655172 5.86 29 75
1 60.333333333333336 7.526315789473684 18 38
1 28.26923076923077 25.1 13 10
1 39.68181818181818 6.650943396226415 22 53
1 12.85 5.970149253731344 60 134
1 11.39655172413793 5.923913043478261 29 92
1 7.055555555555555 6.9 27 55
