1 19.176056338028168 5.153846153846154 71 130
1 9.017241379310345 5.084745762711864 87 118
1 23.72222222222222 4.886666666666667 45 75
1 16.875 4.171052631578948 40 76
1 14.131578947368421 4.89622641509434 57 106
1 5.690476190476191 5.169642857142857 63 112
1 6.98936170212766 4.361702127659575 47 94
1 23.22 4.603448275862069 50 87
1 15.614285714285714 4.280487804878049 35 82
1 8.5 4.419540229885057 46 87
1 3.4347826086956523 4.360215053763441 46 93
1 91.5 45.794117647058826 18 17
1 22.45774647887324 6.191588785046729 71 107
1 28.98 4.947916666666667 50 96
1 45.095238095238095 4.253846153846154 42 65
1 68.0 14.076271186440678 28 59
