1 13.55 5.28030303030303 60 132
1 18.710526315789473 5.8 57 100
1 39.47142857142857 5.3108108108108105 35 74
1 34.43939393939394 5.370967741935484 33 62
1 16.70754716981132 5.0607476635514015 53 107
1 1.5574712643678161 5.387218045112782 87 133
1 18.621951219512194 5.178571428571429 41 84
1 3.2096774193548385 5.716666666666667 31 60
1 40.41428571428571 5.77027027027027 35 74
1 37.870370370370374 5.484615384615385 27 65
1 15.14 6.54 25 50
1 20.305555555555557 5.357142857142857 36 77
1 14.5 5.076923076923077 40 78
1 5.2272727272727275 5.336956521739131 55 92
1 22.5 7.323529411764706 14 34
1 103.5 46.73076923076923 13 13
1 0.625 5.4714285714285715 32 70
1 0.675 6.435779816513762 80 109
1 13.680555555555555 5.995726495726496 72 117
1 31.9 5.670454545454546 45 88
