1 8.085365853658537 4.982758620689655 123 145
1 15.5 4.789256198347108 45 121
1 23.96153846153846 4.455555555555556 39 90
1 6.25 4.536585365853658 44 82
1 19.52857142857143 5.335051546391752 35 97
1 1.671875 4.73943661971831 64 142
1 25.666666666666668 4.5606060606060606 42 99
1 2.578125 4.691919191919192 64 99
1 45.142857142857146 50.285714285714285 28 14
1 17.196629213483146 6.287610619469026 89 113
1 34.75 4.5476190476190474 40 105
1 46.46774193548387 4.1 31 70
1 37.88297872340426 4.6716417910447765 47 134
