1 50.189655172413794 5.695652173913044 29 92
1 11.185185185185185 6.644927536231884 54 69
1 9.265432098765432 6.868421052631579 81 95
1 50.07142857142857 6.513333333333334 35 75
1 29.08695652173913 6.166666666666667 46 87
1 46.092592592592595 6.469230769230769 27 65
1 37.75 6.703389830508475 20 59
1 59.97826086956522 7.0625 23 48
1 69.0 5.787671232876712 24 73
1 64.60526315789474 5.5 19 73
1 25.112903225806452 5.3765432098765435 31 81
1 32.023809523809526 7.523809523809524 21 42
1 35.0 60.125 14 8
1 16.63888888888889 6.467741935483871 36 62
1 11.341269841269842 5.993055555555555 63 144
