1 19.906779661016948 5.221739130434782 59 115
1 20.23469387755102 5.019607843137255 49 102
1 6.795454545454546 4.717821782178218 44 101
1 22.904761904761905 5.118181818181818 42 110
1 42.76190476190476 4.385057471264368 42 87
1 41.43333333333333 4.697183098591549 30 71
1 33.84090909090909 4.731578947368421 44 95
1 19.571428571428573 9.533333333333333 70 60
1 28.970588235294116 4.6098901098901095 34 91
1 25.27777777777778 5.265625 27 64
1 39.11702127659574 4.634020618556701 47 97
1 27.56382978723404 4.718390804597701 47 87
1 8.014285714285714 4.8977272727272725 35 88
1 25.775 4.947058823529412 40 85
1 19.346153846153847 5.469230769230769 26 65
1 14.725 4.7 40 100
1 27.65 5.525 20 40
1 55.60526315789474 46.42857142857143 19 14
1 21.522222222222222 4.8076923076923075 45 91
1 6.23015873015873 5.220338983050848 63 118
1 3.108695652173913 4.865384615384615 46 104
1 22.848484848484848 5.516528925619835 66 121
1 34.25 5.02 52 100
