1 13.66842105263158 5.224409448818897 95 127
1 12.76984126984127 4.932203389830509 63 118
1 24.5 4.4375 47 80
1 25.629032258064516 4.226027397260274 31 73
1 15.87037037037037 4.742990654205608 54 107
1 8.462962962962964 4.842105263157895 54 114
1 9.7 4.51123595505618 45 89
1 31.15 4.801204819277109 40 83
1 19.042857142857144 4.2375 35 80
1 13.013513513513514 4.609756097560975 37 82
1 6.318181818181818 4.28021978021978 44 91
1 6.5476190476190474 4.380952380952381 21 42
1 91.72222222222223 44.6764705882353 18 17
1 17.829545454545453 5.931192660550459 88 109
1 25.016666666666666 4.973684210526316 60 95
