1 11.798850574712644 6.678217821782178 87 101
1 16.032258064516128 5.967391304347826 62 92
1 3.9722222222222223 4.604166666666667 36 96
1 12.409090909090908 5.325242718446602 44 103
1 39.207317073170735 4.6647058823529415 41 85
1 42.09375 4.905797101449275 32 69
1 23.891304347826086 5.321782178217822 46 101
1 19.523255813953487 5.276699029126213 43 103
1 24.166666666666668 4.6521739130434785 39 92
1 21.78 5.023076923076923 25 65
1 38.04545454545455 4.971264367816092 44 87
1 33.75 4.694805194805195 36 77
1 16.67241379310345 5.376923076923077 29 65
1 28.15625 4.690476190476191 32 84
1 16.47872340425532 4.919753086419753 47 81
1 6.95 10.889830508474576 80 59
1 51.42307692307692 5.662162162162162 13 37
1 59.92857142857143 30.852941176470587 21 17
1 6.225 4.71978021978022 40 91
1 7.821428571428571 5.787128712871287 56 101
1 5.46 5.679775280898877 50 89
1 17.8375 7.148936170212766 80 94
1 26.946153846153845 4.787037037037037 65 108
