1 33.770833333333336 5.786885245901639 48 122
1 27.846153846153847 5.678217821782178 52 101
1 1.5606060606060606 5.838028169014085 33 71
1 11.474358974358974 6.27906976744186 39 86
1 41.425 5.8125 40 96
1 13.235294117647058 5.9907407407407405 68 108
1 51.87931034482759 6.057142857142857 29 70
1 38.642857142857146 6.518867924528302 21 53
1 56.1 7.108695652173913 25 46
1 50.66129032258065 5.5394736842105265 31 76
1 50.82142857142857 5.626760563380282 28 71
1 29.951612903225808 5.60126582278481 31 79
1 60.73529411764706 7.3108108108108105 17 37
1 35.26923076923077 27.25 13 12
1 33.32608695652174 6.263636363636364 23 55
1 10.02112676056338 5.698529411764706 71 136
1 8.078947368421053 5.582474226804123 38 97
1 4.351851851851852 5.870967741935484 27 62
1 22.539473684210527 5.7362204724409445 76 127
