1 44.25675675675676 6.607142857142857 37 84
1 10.80232558139535 6.865079365079365 43 63
1 13.792682926829269 6.573170731707317 41 82
1 35.92857142857143 7.880281690140845 35 71
1 60.46296296296296 5.986111111111111 27 72
1 41.708333333333336 7.074074074074074 24 54
1 82.4 8.85 20 40
1 56.71875 6.823076923076923 32 65
1 59.5 6.926229508196721 27 61
1 34.803030303030305 6.456521739130435 33 69
1 61.970588235294116 8.777777777777779 17 36
1 27.38888888888889 70.5 9 7
1 36.129629629629626 7.946808510638298 27 47
1 15.425925925925926 5.944444444444445 54 135
1 7.166666666666667 5.647368421052631 45 95
1 6.380952380952381 7.342105263157895 42 57
