1 54.5 5.166666666666667 25 99
1 14.705128205128204 5.174157303370786 39 89
1 13.038461538461538 5.2615384615384615 78 130
1 44.80769230769231 4.642857142857143 39 98
1 32.69047619047619 4.961538461538462 42 104
1 33.9 5.201298701298701 40 77
1 22.25 5.919354838709677 40 62
1 56.54 5.688679245283019 25 53
1 51.03333333333333 4.4523809523809526 30 84
1 33.6764705882353 4.613924050632911 34 79
1 13.476190476190476 7.352459016393443 42 61
1 24.625 5.819148936170213 24 47
1 53.9 53.6 10 10
1 10.277777777777779 4.864864864864865 36 74
1 8.06 9.3989898989899 75 99
