1 11.082417582417582 5.641732283464567 91 127
1 13.162790697674419 5.808411214953271 86 107
1 4.627272727272727 5.276699029126213 55 103
1 32.613207547169814 5.335616438356165 53 73
1 40.13157894736842 5.401639344262295 38 61
1 14.64864864864865 6.522471910112359 74 89
1 3.1956521739130435 5.758064516129032 92 124
1 23.877777777777776 5.125 45 80
1 21.717391304347824 5.609090909090909 23 55
1 37.166666666666664 5.608108108108108 48 74
1 33.476190476190474 5.973684210526316 42 57
1 27.338709677419356 6.681818181818182 31 44
1 31.194444444444443 5.390410958904109 36 73
1 20.566666666666666 5.152777777777778 45 72
1 12.454545454545455 5.166666666666667 44 87
1 53.65384615384615 7.6 13 30
1 71.5 45.9 18 15
1 10.970588235294118 5.616666666666666 34 60
1 9.009803921568627 5.8 51 110
1 0.5169491525423728 5.46 59 100
1 13.875 6.4818181818181815 80 110
1 34.66981132075472 7.014285714285714 53 70
