1 32.5 5.5236220472440944 47 127
1 27.134615384615383 5.528846153846154 52 104
1 0.6818181818181818 5.920289855072464 22 69
1 11.08974358974359 5.988888888888889 39 90
1 35.166666666666664 5.768041237113402 45 97
1 13.892857142857142 5.95945945945946 56 111
1 50.05172413793103 5.732876712328767 29 73
1 35.22727272727273 6.2407407407407405 22 54
1 59.37096774193548 5.544776119402985 31 67
1 51.11538461538461 6.956521739130435 26 46
1 47.46875 5.58 32 75
1 50.5 5.458333333333333 27 72
1 27.6875 5.5 32 80
1 62.375 7.0675675675675675 16 37
1 32.5625 25.61764705882353 16 17
1 29.958333333333332 5.956140350877193 24 57
1 10.424242424242424 6.30672268907563 66 119
1 7.2 5.39 40 100
1 3.2037037037037037 5.725806451612903 27 62
1 21.5 5.696850393700787 74 127
