1 25.933962264150942 4.956 53 125
1 11.7875 5.6098901098901095 80 91
1 0.5 4.045454545454546 30 132
1 12.022727272727273 4.605263157894737 44 133
1 35.329787234042556 4.148936170212766 47 94
1 47.369565217391305 4.526315789473684 23 76
1 40.73529411764706 4.782608695652174 34 92
1 12.726190476190476 11.84 84 50
1 14.016666666666667 4.864583333333333 60 96
1 13.4 4.525974025974026 30 77
1 51.111111111111114 4.73469387755102 36 98
1 33.4375 4.438144329896907 32 97
1 19.523809523809526 5.319277108433735 42 83
1 11.954545454545455 5.1103896103896105 22 77
1 9.25 5.0327102803738315 84 107
1 12.833333333333334 5.011627906976744 21 43
1 72.95454545454545 49.25 11 12
1 10.171052631578947 4.942105263157894 76 95
1 6.790322580645161 4.818518518518519 62 135
1 0.5 4.203389830508475 29 118
1 29.3135593220339 4.813432835820896 59 134
1 26.920289855072465 4.963917525773196 69 97
