1 14.431506849315069 6.414285714285715 73 105
1 17.336363636363636 5.919354838709677 55 93
1 2.5238095238095237 4.36 42 100
1 9.273584905660377 4.925925925925926 53 108
1 37.98780487804878 4.396551724137931 41 87
1 40.3125 4.614285714285714 32 70
1 17.716666666666665 5.028846153846154 60 104
1 20.525641025641026 5.0 39 106
1 23.342105263157894 4.478260869565218 38 92
1 19.86 4.869230769230769 25 65
1 38.642857142857146 4.724719101123595 42 89
1 32.166666666666664 4.538961038961039 36 77
1 12.242857142857142 5.223076923076923 35 65
1 26.5 4.523809523809524 32 84
1 15.695652173913043 4.771604938271605 46 81
1 5.5 13.416666666666666 93 48
1 44.07142857142857 5.3108108108108105 14 37
1 68.4 34.5 20 18
1 3.8207547169811322 5.119047619047619 53 84
1 4.431034482758621 5.236363636363636 87 110
1 5.45 4.696078431372549 40 102
1 19.45945945945946 6.53960396039604 74 101
1 26.46923076923077 4.705607476635514 65 107
