1 17.32051282051282 5.1461538461538465 78 130
1 9.597560975609756 5.059322033898305 82 118
1 22.583333333333332 4.7894736842105265 48 76
1 17.987179487179485 4.193333333333333 39 75
1 16.068627450980394 4.877358490566038 51 106
1 6.75 5.066371681415929 56 113
1 7.5212765957446805 4.257894736842105 47 95
1 25.074468085106382 4.591954022988506 47 87
1 14.3 4.3625 40 80
1 8.891304347826088 4.453488372093023 46 86
1 3.7448979591836733 4.380434782608695 49 92
1 0.5 4.809523809523809 21 42
1 91.72222222222223 46.85294117647059 18 17
1 18.46511627906977 6.226415094339623 86 106
1 25.605263157894736 4.9375 57 96
