1 20.246268656716417 5.264705882352941 67 119
1 21.785714285714285 4.876237623762377 42 101
1 0.5 4.053846153846154 18 130
1 11.691489361702128 4.628787878787879 47 132
1 46.69444444444444 4.085106382978723 36 94
1 32.26470588235294 4.2 34 80
1 29.5 4.58421052631579 47 95
1 13.8125 10.833333333333334 80 54
1 21.86842105263158 4.355769230769231 38 104
1 13.338709677419354 4.58 31 75
1 53.44285714285714 4.451456310679611 35 103
1 27.275 4.26 40 100
1 23.194444444444443 6.712121212121212 36 66
1 9.648148148148149 4.987179487179487 27 78
1 11.783333333333333 4.415254237288136 60 118
1 12.833333333333334 4.825581395348837 21 43
1 68.08333333333333 50.083333333333336 12 12
1 17.804347826086957 5.005263157894737 46 95
1 6.434426229508197 5.12015503875969 61 129
1 0.5 4.668224299065421 32 107
1 29.344827586206897 5.247967479674797 58 123
1 33.5 4.637254901960785 55 102
