1 45.666666666666664 6.619047619047619 36 84
1 11.975 6.78125 40 64
1 14.2 6.597560975609756 40 82
1 42.3 7.957142857142857 30 70
1 65.1 6.105633802816901 25 71
1 45.59090909090909 7.273584905660377 22 53
1 91.61111111111111 8.875 18 40
1 62.87931034482759 6.823076923076923 29 65
1 64.22 6.959016393442623 25 61
1 31.22972972972973 6.26056338028169 37 71
1 58.27777777777778 8.58108108108108 18 37
1 27.5 70.78571428571429 9 7
1 32.6 7.98936170212766 30 47
1 15.136363636363637 6.048872180451128 55 133
1 7.340909090909091 5.647368421052631 44 95
1 5.9 7.627272727272727 45 55
