1 16.467741935483872 5.491071428571429 62 112
1 37.25 6.198795180722891 32 83
1 12.524390243902438 7.448717948717949 41 78
1 31.141509433962263 5.1375 53 80
1 59.916666666666664 5.46875 24 64
1 20.516949152542374 5.682795698924731 59 93
1 24.56451612903226 5.245454545454545 31 110
1 24.475609756097562 5.3 41 85
1 21.5 5.467741935483871 25 62
1 39.5 5.17816091954023 43 87
1 37.621212121212125 4.973684210526316 33 76
1 20.67241379310345 6.769230769230769 29 52
1 33.08620689655172 5.2125 29 80
1 24.585714285714285 4.86144578313253 35 83
1 6.607142857142857 5.594736842105263 84 95
1 39.333333333333336 6.7 18 35
1 32.25 24.147058823529413 20 17
1 9.217948717948717 5.371794871794871 39 78
1 12.670731707317072 5.883838383838384 41 99
1 9.42 5.372549019607843 50 102
1 22.242424242424242 5.610169491525424 66 118
1 46.10526315789474 5.254901960784314 38 102
