1 12.721311475409836 4.4944444444444445 122 180
1 23.627659574468087 3.893700787401575 47 127
1 9.14367816091954 3.805084745762712 87 118
1 20.096774193548388 4.308219178082192 62 146
1 35.65909090909091 3.6666666666666665 44 108
1 27.839622641509433 4.091304347826087 53 115
1 28.848837209302324 3.642857142857143 43 91
1 30.5 3.8466666666666667 31 75
1 26.193877551020407 4.186868686868687 49 99
1 30.544444444444444 3.664383561643836 45 73
1 32.583333333333336 3.6587301587301586 36 63
1 29.905405405405407 3.716867469879518 37 83
1 22.666666666666668 3.283505154639175 36 97
1 5.706896551724138 3.8398058252427183 58 103
1 9.758064516129032 3.45 31 60
1 25.346153846153847 42.833333333333336 13 12
1 0.5 3.597826086956522 17 92
