1 8.64655172413793 4.934782608695652 116 161
1 23.65 4.044 40 125
1 15.5 4.789719626168225 61 107
1 22.482142857142858 4.276223776223776 56 143
1 68.03571428571429 3.3613861386138613 28 101
1 58.98275862068966 3.450617283950617 29 81
1 31.275510204081634 4.153061224489796 49 98
1 24.362068965517242 5.85632183908046 58 87
1 33.3125 3.7613636363636362 32 88
1 20.670212765957448 4.638461538461539 47 65
1 17.017241379310345 4.457446808510638 58 94
1 22.0 5.333333333333333 46 54
1 33.964285714285715 4.446428571428571 28 56
1 23.63157894736842 3.7962962962962963 38 81
1 19.323529411764707 3.574468085106383 34 94
1 9.25 3.6376146788990824 28 109
1 7.5 3.7542372881355934 27 59
1 35.15217391304348 48.04545454545455 23 11
