1 18.4811320754717 5.958715596330276 53 109
1 22.64814814814815 6.923076923076923 54 78
1 5.818181818181818 5.5285714285714285 44 105
1 47.984848484848484 6.181159420289855 33 69
1 43.7 5.709677419354839 30 62
1 24.434782608695652 5.75 46 92
1 11.12 5.400826446280992 50 121
1 14.5 5.7592592592592595 64 81
1 13.125 5.778688524590164 24 61
1 40.34615384615385 5.313953488372093 39 86
1 36.274193548387096 5.105263157894737 31 76
1 18.14 6.336363636363636 25 55
1 22.824324324324323 5.375 37 80
1 15.96938775510204 5.618421052631579 49 76
1 8.361538461538462 6.775 65 80
1 27.342105263157894 6.972222222222222 19 36
1 54.73529411764706 15.357142857142858 17 14
1 5.566666666666666 6.32089552238806 45 67
1 4.095959595959596 6.5 99 101
1 2.2358490566037736 5.341121495327103 53 107
1 22.991525423728813 5.571428571428571 59 126
1 27.048387096774192 6.238636363636363 62 88
