1 29.91860465116279 4.296610169491525 43 118
1 11.10344827586207 4.63265306122449 58 98
1 20.885964912280702 5.202290076335878 57 131
1 54.25 3.9537037037037037 32 108
1 30.051020408163264 4.795238095238095 49 105
1 25.42982456140351 4.323529411764706 57 85
1 23.775 4.193333333333333 40 75
1 28.703389830508474 4.084905660377358 59 106
1 42.23809523809524 3.611111111111111 42 81
1 53.96153846153846 3.890625 26 64
1 32.69047619047619 3.9941176470588236 42 85
1 23.848837209302324 3.564516129032258 43 93
1 7.151515151515151 4.147058823529412 66 102
1 19.5 4.089285714285714 24 56
1 32.73076923076923 46.333333333333336 13 12
1 4.725 3.6758241758241756 40 91
1 2.532258064516129 26.86842105263158 62 38
