1 21.75423728813559 5.476190476190476 59 126
1 12.194915254237289 4.9772727272727275 59 132
1 26.62121212121212 4.568965517241379 33 87
1 7.2894736842105265 4.928571428571429 38 77
1 13.754901960784315 4.774336283185841 51 113
1 0.6379310344827587 4.821428571428571 58 140
1 26.585714285714285 5.55 35 80
1 3.1153846153846154 4.948275862068965 39 87
1 1.6333333333333333 5.0054945054945055 45 91
1 96.5 48.26470588235294 17 17
1 26.096774193548388 5.915929203539823 62 113
1 30.61627906976744 5.369565217391305 43 92
1 42.911764705882355 4.78125 34 64
1 31.149122807017545 5.5256410256410255 57 117
