1 35.40909090909091 6.027472527472527 44 91
1 6.7926829268292686 6.067164179104478 41 67
1 12.337209302325581 7.992537313432836 43 67
1 43.77906976744186 6.03932584269663 43 89
1 38.7 7.055555555555555 30 81
1 68.875 5.894366197183099 24 71
1 42.90909090909091 6.303571428571429 22 56
1 69.8913043478261 7.590909090909091 23 44
1 52.95454545454545 6.279411764705882 33 68
1 56.607142857142854 6.090909090909091 28 66
1 39.425925925925924 6.992063492063492 27 63
1 78.07142857142857 8.271428571428572 14 35
1 31.9 29.4 10 10
1 43.88095238095238 6.673076923076923 21 52
1 13.689655172413794 5.4375 58 144
1 7.363636363636363 5.5 44 96
1 8.214285714285714 5.5 28 68
