1 19.884615384615383 5.079831932773109 52 119
1 29.375 6.13855421686747 40 83
1 1.2333333333333334 5.127906976744186 45 86
1 13.695121951219512 7.4480519480519485 41 77
1 41.825 4.873493975903615 40 83
1 42.970588235294116 5.3307692307692305 34 65
1 22.650943396226417 5.639784946236559 53 93
1 20.2 5.219626168224299 40 107
1 24.357142857142858 4.782608695652174 42 92
1 24.291666666666668 5.403225806451613 24 62
1 50.794117647058826 5.109195402298851 34 87
1 45.464285714285715 4.837662337662338 28 77
1 19.46875 6.178571428571429 32 56
1 24.036585365853657 5.1375 41 80
1 18.97826086956522 4.837349397590361 46 83
1 10.055555555555555 5.9772727272727275 54 88
1 41.166666666666664 6.5 18 35
1 29.25 25.8 20 20
1 8.928571428571429 5.1419753086419755 42 81
1 13.19047619047619 6.923529411764706 42 85
1 14.166666666666666 7.401408450704225 36 71
1 26.681818181818183 5.586956521739131 55 115
1 34.69607843137255 4.981132075471698 51 106
