1 32.58620689655172 4.773255813953488 58 172
1 25.414893617021278 4.044715447154472 47 123
1 12.75925925925926 4.027272727272727 54 110
1 13.422222222222222 4.563380281690141 90 142
1 39.04761904761905 3.8679245283018866 42 106
1 25.008474576271187 4.267857142857143 59 112
1 23.885964912280702 3.6630434782608696 57 92
1 29.15625 3.717948717948718 32 78
1 22.651515151515152 3.9903846153846154 66 104
1 24.703125 3.3271604938271606 64 81
1 39.31818181818182 3.546153846153846 33 65
1 28.204545454545453 3.477777777777778 44 90
1 24.85135135135135 3.3421052631578947 37 95
1 7.37037037037037 4.04 54 100
1 13.87037037037037 3.5 27 60
1 28.884615384615383 44.916666666666664 13 12
1 1.9651162790697674 3.4574468085106385 43 94
