1 27.108695652173914 4.916 46 125
1 17.08 7.8768115942028984 50 69
1 5.565573770491803 4.727941176470588 61 136
1 40.97222222222222 4.4655172413793105 36 87
1 24.105263157894736 4.866197183098592 38 71
1 32.05263157894737 4.785714285714286 38 91
1 11.421052631578947 11.096153846153847 76 52
1 13.241379310344827 6.216216216216216 58 74
1 6.370967741935484 4.7368421052631575 31 76
1 37.68604651162791 4.5606060606060606 43 99
1 14.483050847457626 4.859550561797753 59 89
1 19.59090909090909 4.604166666666667 33 96
1 2.6923076923076925 5.104938271604938 26 81
1 10.3125 4.956140350877193 80 114
1 4.815789473684211 5.333333333333333 19 42
1 57.96153846153846 43.785714285714285 13 14
1 6.819444444444445 5.511627906976744 72 86
1 4.59375 5.116541353383458 64 133
1 24.246268656716417 5.135658914728682 67 129
1 27.85483870967742 4.927083333333333 62 96
