1 41.138888888888886 5.489473684210527 36 95
1 10.172413793103448 6.813432835820896 58 67
1 10.355072463768115 6.872340425531915 69 94
1 39.21111111111111 6.205128205128205 45 78
1 27.336734693877553 6.573170731707317 49 82
1 38.96875 6.453846153846154 32 65
1 23.8125 6.338709677419355 32 62
1 49.535714285714285 7.0 28 48
1 48.042857142857144 5.916666666666667 35 72
1 46.31481481481482 5.597222222222222 27 72
1 28.120689655172413 5.602564102564102 29 78
1 36.28947368421053 7.5 19 42
1 31.653846153846153 61.5 13 8
1 17.013513513513512 6.7 37 60
1 8.1 6.098591549295775 90 142
