1 28.818181818181817 4.951612903225806 44 124
1 16.557692307692307 8.625 52 64
1 5.928571428571429 4.823308270676692 63 133
1 38.52564102564103 4.420454545454546 39 88
1 24.21794871794872 4.894366197183099 39 71
1 29.595238095238095 4.818681318681318 42 91
1 10.039325842696629 13.779069767441861 89 43
1 13.05 5.910256410256411 60 78
1 7.3125 4.806666666666667 32 75
1 36.67777777777778 4.590909090909091 45 99
1 15.535087719298245 4.5638297872340425 57 94
1 20.439393939393938 4.59375 33 96
1 3.9074074074074074 5.1375 27 80
1 10.538461538461538 4.977876106194691 78 113
1 5.326086956521739 5.309523809523809 23 42
1 58.11538461538461 43.5 13 14
1 6.9605263157894735 5.442528735632184 76 87
1 4.946153846153846 5.078947368421052 65 133
1 27.73728813559322 4.902985074626866 59 134
1 27.28125 4.762626262626263 64 99
