1 33.180851063829785 6.524096385542169 47 83
1 11.84 6.208333333333333 50 72
1 11.347457627118644 6.458762886597938 59 97
1 41.36363636363637 6.075 44 80
1 27.24 6.7375 50 80
1 24.692307692307693 6.021739130434782 52 69
1 21.0 5.720588235294118 38 68
1 46.274193548387096 6.979166666666667 31 48
1 43.925 6.397058823529412 40 68
1 59.81818181818182 5.5 22 73
1 24.263157894736842 5.75 38 76
1 32.891304347826086 7.925 23 40
1 26.59090909090909 62.625 11 8
1 19.175675675675677 6.737288135593221 37 59
1 8.455555555555556 5.996503496503497 90 143
