1 25.375 5.491150442477876 40 113
1 31.789473684210527 6.22289156626506 38 83
1 10.772727272727273 6.4222222222222225 44 90
1 40.08536585365854 5.1375 41 80
1 52.648148148148145 5.484375 27 64
1 22.38888888888889 5.682795698924731 54 93
1 19.743243243243242 5.1 37 115
1 18.745283018867923 5.428571428571429 53 84
1 20.875 5.420634920634921 24 63
1 47.98571428571429 5.2011494252873565 35 87
1 34.9 5.0131578947368425 35 76
1 19.333333333333332 7.08 30 50
1 27.735294117647058 5.25 34 80
1 22.93243243243243 4.975609756097561 37 82
1 10.166666666666666 5.819148936170213 54 94
1 37.77777777777778 6.814285714285714 18 35
1 36.86842105263158 21.25 19 16
1 8.104651162790697 5.422077922077922 43 77
1 11.477272727272727 5.92 44 100
1 8.36 5.816326530612245 50 98
1 27.903846153846153 5.525 52 120
1 36.3125 5.321782178217822 48 101
