1 43.40909090909091 5.468421052631579 33 95
1 9.246268656716419 6.239726027397261 67 73
1 10.644736842105264 6.90625 76 96
1 39.54545454545455 5.365168539325842 44 89
1 31.952380952380953 5.25 42 100
1 50.34 5.6506849315068495 25 73
1 17.8953488372093 7.263636363636364 43 55
1 53.11538461538461 6.617647058823529 26 51
1 56.327586206896555 5.6066666666666665 29 75
1 27.636363636363637 5.86231884057971 44 69
1 17.452380952380953 5.94 42 75
1 30.0 7.695121951219512 22 41
1 58.5 60.25 10 8
1 11.36 7.131578947368421 50 57
1 8.71951219512195 6.492592592592593 82 135
