1 8.076 4.931506849315069 125 146
1 16.714285714285715 4.928571428571429 42 119
1 25.094594594594593 4.590909090909091 37 88
1 6.267441860465116 4.560975609756097 43 82
1 20.08823529411765 5.107843137254902 34 102
1 1.3194444444444444 4.694444444444445 72 144
1 23.17391304347826 4.675257731958763 46 97
1 2.4508196721311477 4.691919191919192 61 99
1 51.46296296296296 50.857142857142854 27 14
1 17.46590909090909 5.833333333333333 88 120
1 34.6 4.509433962264151 40 106
1 44.84375 4.1571428571428575 32 70
1 29.906779661016948 4.725563909774436 59 133
