1 10.229166666666666 4.631578947368421 96 152
1 22.887096774193548 4.737288135593221 31 118
1 25.294871794871796 4.377777777777778 39 90
1 7.987804878048781 4.525 41 80
1 18.525641025641026 5.239583333333333 39 96
1 1.7962962962962963 5.524390243902439 108 123
1 26.666666666666668 4.5 42 99
1 3.9655172413793105 4.590909090909091 58 99
1 0.7 4.41588785046729 30 107
1 34.43103448275862 42.26470588235294 29 17
1 20.938356164383563 5.282945736434108 73 129
1 34.023809523809526 4.688118811881188 42 101
1 49.0 4.079710144927536 30 69
1 33.336363636363636 4.875 55 128
