1 22.383333333333333 4.904761904761905 60 126
1 15.38135593220339 7.26 59 75
1 7.833333333333333 4.797709923664122 60 131
1 40.96153846153846 4.421348314606742 39 89
1 25.85 4.773972602739726 40 73
1 26.068627450980394 4.862637362637362 51 91
1 10.553191489361701 12.712765957446809 94 47
1 17.54255319148936 4.962365591397849 47 93
1 12.142857142857142 4.74 28 75
1 39.18888888888889 4.461165048543689 45 103
1 22.1 4.357142857142857 45 98
1 19.67948717948718 4.572916666666667 39 96
1 7.648148148148148 5.328947368421052 27 76
1 11.557142857142857 5.157407407407407 70 108
1 11.447368421052632 4.9772727272727275 19 44
1 64.0 45.80769230769231 12 13
1 13.0 4.431372549019608 52 102
1 5.697183098591549 5.138461538461539 71 130
1 25.818181818181817 5.222222222222222 66 126
1 35.53921568627451 4.727722772277228 51 101
