1 18.05 5.913793103448276 80 116
1 13.289473684210526 5.305084745762712 57 118
1 18.31132075471698 4.639240506329114 53 79
1 13.957142857142857 4.472972972972973 35 74
1 15.479166666666666 4.607142857142857 48 112
1 3.7142857142857144 5.186440677966102 56 118
1 3.8863636363636362 4.447368421052632 44 95
1 25.621951219512194 4.732558139534884 41 86
1 9.421052631578947 4.4156626506024095 38 83
1 4.933962264150943 4.477528089887641 53 89
1 90.05555555555556 45.6764705882353 18 17
1 29.462962962962962 5.9818181818181815 54 110
1 24.553571428571427 4.931578947368421 56 95
1 53.3125 4.166666666666667 32 66
1 25.35135135135135 4.869565217391305 74 138
