1 18.75 5.977064220183486 52 109
1 21.44736842105263 7.032467532467533 57 77
1 4.53921568627451 5.674757281553398 51 103
1 43.861111111111114 6.085714285714285 36 70
1 44.94827586206897 5.709677419354839 29 62
1 25.91860465116279 5.728260869565218 43 92
1 11.826086956521738 5.337398373983739 46 123
1 14.642857142857142 5.771604938271605 63 81
1 12.208333333333334 5.778688524590164 24 61
1 40.166666666666664 5.313953488372093 39 86
1 33.89393939393939 5.105263157894737 33 76
1 16.807692307692307 6.232142857142857 26 56
1 22.05263157894737 5.462025316455696 38 79
1 16.166666666666668 5.618421052631579 48 76
1 8.547619047619047 7.171052631578948 63 76
1 25.4 6.972222222222222 20 36
1 55.5 15.285714285714286 17 14
1 5.366666666666666 6.424242424242424 45 66
1 4.077319587628866 6.52970297029703 97 101
1 1.5 5.350467289719626 56 107
1 22.838983050847457 5.547244094488189 59 127
1 26.484126984126984 6.304597701149425 63 87
