1 18.822580645161292 4.968253968253968 62 126
1 11.73943661971831 5.35 71 100
1 2.5625 5.412698412698413 64 126
1 31.045454545454547 4.716867469879518 44 83
1 22.88235294117647 4.594594594594595 34 74
1 30.77777777777778 4.782608695652174 36 92
1 9.768292682926829 7.97945205479452 82 73
1 10.972727272727273 4.785714285714286 55 91
1 40.66216216216216 4.666666666666667 37 96
1 16.454545454545453 5.135294117647059 44 85
1 12.597560975609756 4.752631578947368 41 95
1 9.147727272727273 5.1 88 115
1 10.055555555555555 5.108695652173913 36 92
1 1.9166666666666667 5.007042253521127 72 142
1 24.015151515151516 4.932835820895522 66 134
1 28.67241379310345 4.69 58 100
1 54.61764705882353 4.25 34 68
