1 34.33673469387755 5.953781512605042 49 119
1 33.31818181818182 6.0 44 96
1 2.725806451612903 5.942857142857143 31 70
1 12.445945945945946 6.212643678160919 37 87
1 47.27777777777778 5.72680412371134 36 97
1 11.488095238095237 6.080952380952381 84 105
1 53.01724137931034 6.02112676056338 29 71
1 38.0 6.3545454545454545 22 55
1 55.69230769230769 7.217391304347826 26 46
1 47.14705882352941 5.631578947368421 34 76
1 52.107142857142854 5.8478260869565215 28 69
1 29.8125 6.359154929577465 32 71
1 55.44736842105263 7.2894736842105265 19 38
1 33.11538461538461 28.6 13 10
1 36.22727272727273 6.3545454545454545 22 55
1 11.741935483870968 6.053030303030303 62 132
1 7.595238095238095 5.459595959595959 42 99
1 4.775862068965517 5.880952380952381 29 63
1 27.46923076923077 5.876 65 125
