1 12.162921348314606 6.638613861386139 89 101
1 14.359375 5.0233644859813085 64 107
1 1.244186046511628 4.150485436893204 43 103
1 8.147058823529411 4.851851851851852 51 108
1 37.325 4.27906976744186 40 86
1 37.90625 4.428571428571429 32 70
1 15.823076923076924 4.975728155339806 65 103
1 13.736363636363636 5.26 55 100
1 23.214285714285715 4.263440860215054 35 93
1 15.907407407407407 4.730769230769231 27 65
1 39.96153846153846 4.880952380952381 39 84
1 30.11111111111111 4.282051282051282 36 78
1 12.327586206896552 5.1461538461538465 29 65
1 21.666666666666668 4.598765432098766 36 81
1 18.38888888888889 4.370588235294117 36 85
1 4.99438202247191 9.46923076923077 89 65
1 28.710526315789473 5.166666666666667 19 36
1 74.4 36.68181818181818 20 22
1 3.725 5.109756097560975 40 82
1 3.7962962962962963 4.69672131147541 81 122
1 2.482456140350877 4.984536082474227 57 97
1 20.8 5.894495412844036 70 109
1 25.15671641791045 5.351063829787234 67 94
