1 16.778688524590162 5.429203539823009 61 113
1 35.0 6.2682926829268295 34 82
1 12.670731707317072 7.644736842105263 41 76
1 33.06 5.125 50 80
1 55.46153846153846 5.46875 26 64
1 20.483050847457626 5.672043010752688 59 93
1 24.0625 5.218181818181818 32 110
1 24.548780487804876 5.22093023255814 41 86
1 21.82 5.467741935483871 25 62
1 41.548780487804876 5.166666666666667 41 87
1 38.96875 4.9605263157894735 32 76
1 20.1 6.75 30 52
1 29.196969696969695 5.2 33 80
1 22.68421052631579 4.86144578313253 38 83
1 6.75 5.468421052631579 84 95
1 39.611111111111114 6.671428571428572 18 35
1 33.28947368421053 23.88888888888889 19 18
1 9.05 5.284810126582278 40 79
1 12.5 6.015463917525773 42 97
1 10.391304347826088 5.797872340425532 46 94
1 22.9375 5.636752136752137 64 117
1 42.792682926829265 5.245098039215686 41 102
