1 34.24 6.049450549450549 50 91
1 14.391304347826088 6.222222222222222 46 72
1 10.549180327868852 6.5 61 90
1 35.525 6.8125 40 80
1 49.233333333333334 5.842465753424658 30 73
1 28.323529411764707 6.683333333333334 34 60
1 72.72727272727273 7.811111111111111 22 45
1 90.88095238095238 6.833333333333333 21 66
1 44.911764705882355 6.079710144927536 34 69
1 33.07142857142857 6.676470588235294 35 68
1 52.888888888888886 8.371794871794872 18 39
1 24.7 63.75 10 8
1 37.46 6.850877192982456 25 57
1 12.694029850746269 5.73448275862069 67 145
1 5.542553191489362 5.888888888888889 47 90
1 3.3285714285714287 6.65625 35 64
