1 22.16 4.7444444444444445 50 135
1 12.398550724637682 5.280952380952381 69 105
1 31.329268292682926 4.534883720930233 41 86
1 19.61764705882353 4.6066666666666665 34 75
1 32.79032258064516 4.666666666666667 31 96
1 12.827272727272728 6.427083333333333 55 96
1 8.96 4.8478260869565215 50 92
1 38.2027027027027 4.666666666666667 37 96
1 13.344444444444445 4.638297872340425 45 94
1 9.817073170731707 4.50990099009901 41 101
1 10.204225352112676 5.4375 71 112
1 5.16 5.145161290322581 50 93
1 25.403225806451612 5.182170542635659 62 129
1 30.632075471698112 5.095744680851064 53 94
1 51.470588235294116 4.176470588235294 34 68
