1 19.134615384615383 5.953703703703703 52 108
1 22.666666666666668 6.549382716049383 54 81
1 8.14102564102564 5.415094339622642 39 106
1 53.46666666666667 5.964788732394366 30 71
1 36.445945945945944 5.860655737704918 37 61
1 26.363636363636363 5.99438202247191 44 89
1 12.39795918367347 5.482758620689655 49 116
1 18.69607843137255 5.337209302325581 51 86
1 14.23076923076923 5.661290322580645 26 62
1 36.56818181818182 5.464285714285714 44 84
1 37.145161290322584 5.105263157894737 31 76
1 18.96153846153846 6.650943396226415 26 53
1 25.735294117647058 5.35 34 80
1 18.75581395348837 5.25 43 80
1 7.985714285714286 5.826086956521739 70 92
1 31.944444444444443 7.128571428571429 18 35
1 50.794117647058826 15.857142857142858 17 14
1 6.709302325581396 6.108695652173913 43 69
1 5.5625 6.20873786407767 80 103
1 3.6132075471698113 5.414285714285715 53 105
1 22.483870967741936 5.596774193548387 62 124
1 26.33076923076923 5.897849462365591 65 93
