1 14.410569105691057 4.461325966850829 123 181
1 24.71276595744681 3.9206349206349205 47 126
1 12.26271186440678 3.793103448275862 59 116
1 12.904255319148936 4.383561643835616 94 146
1 42.36842105263158 3.80188679245283 38 106
1 25.04237288135593 4.363636363636363 59 110
1 28.608695652173914 3.5 46 94
1 26.557142857142857 3.8866666666666667 35 75
1 30.30851063829787 3.8679245283018866 47 106
1 30.744897959183675 3.174698795180723 49 83
1 48.11538461538461 3.4846153846153847 26 65
1 29.675 3.63953488372093 40 86
1 25.852941176470587 3.3421052631578947 34 95
1 8.108695652173912 3.9554455445544554 46 101
1 11.844827586206897 3.466666666666667 29 60
1 27.807692307692307 43.666666666666664 13 12
1 1.2142857142857142 3.375 42 96
