1 8.821739130434782 4.895061728395062 115 162
1 23.134146341463413 4.036 41 125
1 15.352459016393443 4.655963302752293 61 109
1 23.27777777777778 4.236111111111111 54 144
1 76.26 3.3613861386138613 25 101
1 61.142857142857146 3.4382716049382718 28 81
1 35.56976744186046 3.985148514851485 43 101
1 23.15573770491803 6.304878048780488 61 82
1 35.56666666666667 3.702247191011236 30 89
1 19.76530612244898 4.703125 49 64
1 17.660714285714285 4.394736842105263 56 95
1 22.655555555555555 5.008771929824562 45 57
1 32.810344827586206 4.554545454545455 29 55
1 25.757142857142856 3.7839506172839505 35 81
1 19.984848484848484 3.5531914893617023 33 94
1 9.25 3.628440366972477 28 109
1 7.5 3.73728813559322 27 59
1 33.76086956521739 47.95454545454545 23 11
