1 13.578947368421053 4.573333333333333 76 150
1 9.261904761904763 6.225274725274725 84 91
1 29.18421052631579 4.342696629213483 38 89
1 14.629032258064516 4.182926829268292 31 82
1 24.15714285714286 4.76 35 100
1 6.975409836065574 5.611111111111111 61 117
1 4.242857142857143 10.433333333333334 35 45
1 30.25609756097561 4.479591836734694 41 98
1 6.790909090909091 4.398989898989899 55 99
1 3.4130434782608696 4.461165048543689 46 103
1 2.995049504950495 5.046153846153846 101 130
1 28.108695652173914 41.833333333333336 23 18
1 27.359649122807017 5.244186046511628 57 129
1 33.17391304347826 4.618811881188119 46 101
1 46.5 3.9347826086956523 34 69
