1 44.067567567567565 6.607142857142857 37 84
1 10.666666666666666 6.833333333333333 42 63
1 13.74390243902439 6.548780487804878 41 82
1 31.2 8.014285714285714 40 70
1 56.43103448275862 5.958333333333333 29 72
1 39.9 6.881818181818182 25 55
1 78.35714285714286 8.825 21 40
1 51.614285714285714 6.921875 35 64
1 55.39655172413793 6.89344262295082 29 61
1 40.785714285714285 6.5588235294117645 28 68
1 62.26470588235294 8.985714285714286 17 35
1 27.27777777777778 70.07142857142857 9 7
1 42.28260869565217 7.904255319148936 23 47
1 16.01923076923077 5.843065693430657 52 137
1 7.0 5.712765957446808 46 94
1 7.202702702702703 7.324561403508772 37 57
