1 13.170731707317072 6.7 82 100
1 14.421875 5.0754716981132075 64 106
1 1.548780487804878 4.086538461538462 41 104
1 7.981481481481482 4.842592592592593 54 108
1 36.670731707317074 4.235632183908046 41 87
1 38.28125 4.442857142857143 32 70
1 15.205882352941176 4.923076923076923 68 104
1 13.9 5.26 55 100
1 23.585714285714285 4.28494623655914 35 93
1 17.58 4.730769230769231 25 65
1 42.445945945945944 4.892857142857143 37 84
1 30.444444444444443 4.37012987012987 36 77
1 11.887096774193548 5.1461538461538465 31 65
1 22.557142857142857 4.548780487804878 35 82
1 18.666666666666668 4.370588235294117 36 85
1 4.989130434782608 10.0 92 62
1 27.9 5.194444444444445 20 36
1 76.60526315789474 35.69047619047619 19 21
1 3.925 5.073170731707317 40 82
1 3.95679012345679 4.723140495867769 81 121
1 2.767857142857143 4.974226804123711 56 97
1 21.079710144927535 5.912844036697248 69 109
1 25.636363636363637 5.361702127659575 66 94
