1 42.39473684210526 6.395348837209302 38 86
1 12.375 6.438461538461539 32 65
1 14.125 6.058139534883721 40 86
1 36.05882352941177 7.75 34 72
1 63.57692307692308 5.675675675675675 26 74
1 47.023809523809526 6.7 21 55
1 82.05 8.214285714285714 20 42
1 42.523809523809526 6.590909090909091 42 66
1 61.76923076923077 7.059322033898305 26 59
1 32.970588235294116 6.470588235294118 34 68
1 63.38235294117647 8.444444444444445 17 36
1 29.61111111111111 47.94444444444444 9 9
1 41.84782608695652 7.73404255319149 23 47
1 13.581967213114755 5.671428571428572 61 140
1 8.473684210526315 5.680851063829787 38 94
1 6.575 7.149122807017544 40 57
