1 36.26086956521739 6.219101123595506 46 89
1 10.216981132075471 6.574626865671642 53 67
1 12.722222222222221 6.9625 45 80
1 28.652173913043477 7.071428571428571 46 77
1 62.94 6.214285714285714 25 70
1 41.416666666666664 6.964285714285714 24 56
1 68.04166666666667 9.0 24 40
1 38.708333333333336 6.456521739130435 48 69
1 56.67857142857143 6.363636363636363 28 66
1 35.43939393939394 6.263888888888889 33 72
1 55.77777777777778 10.725806451612904 18 31
1 25.27777777777778 71.78571428571429 9 7
1 48.7 7.4411764705882355 20 51
1 14.413793103448276 5.719858156028369 58 141
1 8.342105263157896 5.779569892473118 38 93
1 7.8 8.46078431372549 30 51
