1 30.337209302325583 4.279661016949152 43 118
1 11.321428571428571 5.043478260869565 56 92
1 16.65714285714286 5.143939393939394 70 132
1 48.666666666666664 3.9953271028037385 36 107
1 29.26 4.745283018867925 50 106
1 29.785714285714285 4.405882352941177 49 85
1 27.91176470588235 4.171052631578948 34 76
1 30.728070175438596 4.018518518518518 57 108
1 42.174418604651166 3.7625 43 80
1 54.65384615384615 4.35 26 60
1 30.543478260869566 3.9767441860465116 46 86
1 28.364864864864863 3.708791208791209 37 91
1 9.26923076923077 4.3 52 100
1 17.017241379310345 4.281818181818182 29 55
1 34.26923076923077 46.416666666666664 13 12
1 5.402439024390244 3.852272727272727 41 88
1 3.2611940298507465 19.25 67 52
