1 23.634615384615383 5.242424242424242 52 132
1 15.333333333333334 4.916666666666667 48 132
1 18.73404255319149 4.880952380952381 47 84
1 7.385714285714286 5.032467532467533 35 77
1 22.85483870967742 4.7368421052631575 31 114
1 0.5487804878048781 4.892857142857143 82 140
1 18.0 5.463414634146342 52 82
1 3.1470588235294117 5.086206896551724 34 87
1 1.0818181818181818 5.043478260869565 55 92
1 95.5 48.44117647058823 17 17
1 25.625 6.925742574257426 64 101
1 24.51851851851852 5.166666666666667 54 96
1 75.55263157894737 4.776923076923077 19 65
1 25.340579710144926 5.293388429752066 69 121
