1 15.623287671232877 5.82520325203252 73 123
1 16.033333333333335 6.346938775510204 75 98
1 6.872549019607843 5.52020202020202 51 99
1 56.92424242424242 5.609589041095891 33 73
1 54.53225806451613 5.253846153846154 31 65
1 22.118181818181817 8.888059701492537 55 67
1 7.339285714285714 5.318181818181818 56 132
1 29.378048780487806 5.346153846153846 41 78
1 25.75 5.754545454545455 24 55
1 41.95945945945946 5.515873015873016 37 63
1 37.46296296296296 6.5 27 46
1 38.53030303030303 5.4324324324324325 33 74
1 28.36842105263158 5.0675675675675675 38 74
1 16.158536585365855 5.345238095238095 41 84
1 51.5 7.136363636363637 16 33
1 55.595238095238095 41.833333333333336 21 15
1 15.8125 5.921052631578948 32 57
1 9.4 5.620689655172414 60 116
1 2.8207547169811322 5.080952380952381 53 105
1 16.666666666666668 6.517857142857143 72 112
