1 12.19047619047619 4.599337748344371 84 151
1 11.859375 5.994736842105263 64 95
1 27.628205128205128 4.311111111111111 39 90
1 13.15625 4.302469135802469 32 81
1 23.271428571428572 4.696078431372549 35 102
1 4.58641975308642 5.724137931034483 81 116
1 2.8333333333333335 7.161538461538462 36 65
1 28.833333333333332 4.459595959595959 42 99
1 6.203703703703703 4.4 54 100
1 2.521276595744681 4.509708737864078 47 103
1 2.015151515151515 5.033834586466165 99 133
1 27.615384615384617 43.166666666666664 26 18
1 26.3135593220339 5.25968992248062 59 129
1 33.41111111111111 4.628712871287129 45 101
1 45.64705882352941 3.963768115942029 34 69
