1 13.756756756756756 6.994736842105263 74 95
1 17.85593220338983 5.626315789473685 59 95
1 3.7 4.605263157894737 50 95
1 14.695121951219512 5.802083333333333 41 96
1 35.93478260869565 4.821428571428571 46 84
1 44.375 4.871428571428571 32 70
1 21.96153846153846 5.235294117647059 52 102
1 20.127906976744185 5.5 43 99
1 22.65909090909091 4.774725274725275 44 91
1 24.22 5.069230769230769 25 65
1 32.5188679245283 4.988636363636363 53 88
1 39.875 4.6923076923076925 32 78
1 18.833333333333332 5.596774193548387 30 62
1 31.048387096774192 4.75 31 84
1 20.20731707317073 4.801204819277109 41 83
1 9.991803278688524 8.061643835616438 61 73
1 52.5 5.851351351351352 14 37
1 52.166666666666664 26.205882352941178 21 17
1 6.988888888888889 4.825842696629214 45 89
1 9.942307692307692 6.209677419354839 52 93
1 7.833333333333333 5.226315789473684 48 95
1 19.31081081081081 7.625 74 88
1 29.10655737704918 5.33 61 100
