1 23.74137931034483 5.524390243902439 58 123
1 11.373015873015873 4.950381679389313 63 131
1 20.704545454545453 4.607142857142857 44 84
1 10.176470588235293 4.723684210526316 34 76
1 13.537735849056604 4.723214285714286 53 112
1 1.6568627450980393 4.818518518518519 51 135
1 0.8529411764705882 4.63265306122449 51 98
1 26.094594594594593 5.071428571428571 37 84
1 5.337837837837838 4.686046511627907 37 86
1 3.1363636363636362 4.8 44 90
1 95.8529411764706 47.38235294117647 17 17
1 21.1 5.875 75 112
1 24.263636363636362 5.117021276595745 55 94
1 48.125 4.484615384615385 32 65
1 29.387096774193548 5.174603174603175 62 126
