1 22.443396226415093 4.8125 53 128
1 12.382352941176471 5.417525773195877 68 97
1 3.393939393939394 5.395161290322581 66 124
1 34.925 4.654761904761905 40 84
1 21.5 4.581081081081081 38 74
1 30.026315789473685 4.771739130434782 38 92
1 9.897590361445783 11.538461538461538 83 52
1 12.00909090909091 5.182352941176471 55 85
1 1.5454545454545454 4.60126582278481 44 79
1 36.57142857142857 4.677083333333333 42 96
1 16.67391304347826 5.135294117647059 46 85
1 13.85 4.7105263157894735 40 95
1 10.12962962962963 5.371559633027523 81 109
1 60.34615384615385 45.357142857142854 13 14
1 11.055555555555555 5.076086956521739 36 92
1 2.5972222222222223 4.908450704225352 72 142
1 32.47959183673469 4.848148148148148 49 135
1 34.979166666666664 4.69 48 100
1 44.127906976744185 4.264705882352941 43 68
