1 21.71818181818182 4.862204724409449 55 127
1 12.619402985074627 5.479166666666667 67 96
1 3.7063492063492065 5.224409448818897 63 127
1 35.96153846153846 4.642857142857143 39 84
1 21.710526315789473 4.664383561643835 38 73
1 31.04054054054054 4.760869565217392 37 92
1 9.933734939759036 12.275510204081632 83 49
1 12.209090909090909 5.426829268292683 55 82
1 1.9047619047619047 4.5886075949367084 42 79
1 38.6 4.677083333333333 40 96
1 16.47872340425532 5.135294117647059 47 85
1 14.423076923076923 4.7105263157894735 39 95
1 10.2875 5.353211009174312 80 109
1 60.11538461538461 45.142857142857146 13 14
1 10.95945945945946 5.148351648351649 37 91
1 2.842857142857143 4.932624113475177 70 141
1 28.446428571428573 4.855555555555555 56 135
1 35.797872340425535 4.795918367346939 47 98
1 44.127906976744185 4.264705882352941 43 68
