1 34.18 6.027472527472527 50 91
1 16.23170731707317 6.528985507246377 41 69
1 8.371794871794872 6.4021739130434785 78 92
1 28.52 6.8924050632911396 50 79
1 45.625 5.902777777777778 32 72
1 25.77027027027027 6.565573770491803 37 61
1 75.73809523809524 7.543478260869565 21 46
1 76.26 8.632075471698114 25 53
1 41.94444444444444 6.2611940298507465 36 67
1 31.805555555555557 6.557971014492754 36 69
1 44.73809523809524 8.346153846153847 21 39
1 25.3 63.75 10 8
1 41.86363636363637 6.61864406779661 22 59
1 14.903508771929825 5.712328767123288 57 146
1 5.159574468085107 5.949438202247191 47 89
1 2.5606060606060606 6.530769230769231 33 65
