1 33.54255319148936 6.4523809523809526 47 84
1 12.5 6.208333333333333 48 72
1 10.942622950819672 6.489583333333333 61 96
1 44.74390243902439 6.282051282051282 41 78
1 25.38888888888889 6.648148148148148 54 81
1 28.877777777777776 6.036231884057971 45 69
1 23.242857142857144 5.924242424242424 35 66
1 53.68518518518518 7.180851063829787 27 47
1 42.30952380952381 6.2 42 70
1 51.30769230769231 5.611111111111111 26 72
1 25.58108108108108 5.833333333333333 37 75
1 33.76086956521739 7.95 23 40
1 25.59090909090909 63.125 11 8
1 19.7972972972973 6.844827586206897 37 58
1 8.180851063829786 5.951388888888889 94 144
