1 22.06 4.735294117647059 50 136
1 12.06338028169014 5.280952380952381 71 105
1 30.428571428571427 4.546511627906977 42 86
1 18.814285714285713 4.6066666666666665 35 75
1 33.7 4.61340206185567 30 97
1 12.645454545454545 6.458333333333333 55 96
1 9.104166666666666 4.858695652173913 48 92
1 40.214285714285715 4.65625 35 96
1 13.454545454545455 4.638297872340425 44 94
1 9.597560975609756 4.51980198019802 41 101
1 10.007042253521126 5.446428571428571 71 112
1 31.88095238095238 43.9 21 15
1 4.98 5.074468085106383 50 94
1 22.818840579710145 5.2421875 69 128
1 30.59433962264151 5.1063829787234045 53 94
1 54.46875 4.176470588235294 32 68
