1 7.852941176470588 4.346590909090909 119 176
1 26.02777777777778 4.213114754098361 36 122
1 19.205882352941178 3.8333333333333335 51 129
1 29.0 4.141379310344828 44 145
1 63.36666666666667 3.4405940594059405 30 101
1 42.775 3.575 40 80
1 33.608695652173914 5.011627906976744 46 86
1 35.7 4.157894736842105 40 114
1 24.727272727272727 3.895348837209302 44 86
1 44.68181818181818 3.9864864864864864 22 74
1 26.473684210526315 4.0588235294117645 38 102
1 28.0 3.964788732394366 34 71
1 41.02173913043478 4.359649122807017 23 57
1 17.5 3.981012658227848 49 79
1 15.792682926829269 3.648936170212766 41 94
1 9.25 3.6743119266055047 28 109
1 7.5 3.9655172413793105 27 58
1 80.25 49.40909090909091 12 11
