1 19.11111111111111 5.135593220338983 54 118
1 28.695121951219512 6.314814814814815 41 81
1 0.9318181818181818 5.2176470588235295 44 85
1 13.475609756097562 7.897260273972603 41 73
1 41.75 4.951219512195122 40 82
1 41.7 5.4375 35 64
1 21.446428571428573 5.650537634408602 56 93
1 21.66216216216216 5.238317757009346 37 107
1 23.732558139534884 4.851648351648351 43 91
1 24.0 5.419354838709677 24 62
1 53.84375 5.109195402298851 32 87
1 47.01851851851852 4.907894736842105 27 76
1 18.803030303030305 6.196428571428571 33 56
1 22.34090909090909 5.15 44 80
1 17.76530612244898 4.926829268292683 49 82
1 10.72 5.489473684210527 50 95
1 38.76315789473684 6.557142857142857 19 35
1 30.605263157894736 25.35 19 20
1 8.686046511627907 5.1419753086419755 43 81
1 12.779069767441861 6.752873563218391 43 87
1 15.43939393939394 8.28125 33 64
1 25.763157894736842 5.613043478260869 57 115
1 33.33018867924528 4.990566037735849 53 106
