1 19.950704225352112 5.794117647058823 71 119
1 11.727272727272727 5.228813559322034 66 118
1 25.3 5.013513513513513 40 74
1 24.717391304347824 4.214285714285714 23 77
1 10.694444444444445 4.90566037735849 72 106
1 6.428571428571429 5.033898305084746 42 118
1 3.75 4.532258064516129 64 93
1 28.92105263157895 4.477777777777778 38 90
1 11.320512820512821 4.367469879518072 39 83
1 9.621212121212121 4.5 33 88
1 0.9615384615384616 4.457446808510638 52 94
1 90.77777777777777 43.85294117647059 18 17
1 31.245098039215687 6.13302752293578 51 109
1 28.76530612244898 4.973684210526316 49 95
1 45.96153846153846 4.014705882352941 39 68
1 42.144444444444446 4.918439716312057 45 141
