1 10.217391304347826 4.436416184971098 92 173
1 28.28787878787879 4.213114754098361 33 122
1 19.284313725490197 3.6954887218045114 51 133
1 29.068181818181817 4.23943661971831 44 142
1 63.43333333333333 3.4603960396039604 30 101
1 63.833333333333336 3.5123456790123457 27 81
1 31.540816326530614 5.246987951807229 49 83
1 35.01219512195122 4.157894736842105 41 114
1 36.766666666666666 3.895348837209302 30 86
1 44.90909090909091 3.94 22 75
1 33.4 4.004854368932039 30 103
1 36.5 3.710526315789474 26 76
1 41.06521739130435 4.394736842105263 23 57
1 16.7 3.9556962025316458 50 79
1 17.66216216216216 3.6808510638297873 37 94
1 9.25 3.6926605504587156 28 109
1 8.06 3.9827586206896552 25 58
1 80.25 49.59090909090909 12 11
