1 10.265765765765765 5.009316770186335 111 161
1 21.434782608695652 3.996 46 125
1 10.714285714285714 4.141025641025641 84 117
1 14.442528735632184 4.401408450704225 87 142
1 52.92424242424242 3.3518518518518516 33 81
1 23.859375 3.911764705882353 64 102
1 17.685185185185187 7.977611940298507 81 67
1 26.304878048780488 4.0 41 84
1 19.24 4.279411764705882 50 68
1 21.04 3.8883495145631066 50 103
1 20.35185185185185 4.121212121212121 54 66
1 35.535714285714285 3.9915254237288136 28 59
1 26.27777777777778 3.892405063291139 36 79
1 21.375 3.4468085106382977 32 94
1 8.9 3.611111111111111 30 108
1 8.018518518518519 3.533333333333333 27 60
1 22.717391304347824 47.59090909090909 23 11
