1 34.166666666666664 4.6 39 110
1 9.046875 4.878947368421053 64 95
1 15.571428571428571 4.89568345323741 70 139
1 50.214285714285715 4.323529411764706 35 102
1 25.74074074074074 4.764150943396227 54 106
1 24.04237288135593 4.511904761904762 59 84
1 24.236842105263158 4.652777777777778 38 72
1 30.4672131147541 4.4504950495049505 61 101
1 40.138297872340424 4.089743589743589 47 78
1 45.88709677419355 4.868421052631579 31 57
1 40.80555555555556 4.194117647058824 36 85
1 32.029411764705884 4.046511627906977 34 86
1 12.524390243902438 4.297979797979798 41 99
1 22.291666666666668 4.788461538461538 24 52
1 37.19230769230769 45.666666666666664 13 12
1 6.732558139534884 4.35 43 80
1 6.933333333333334 12.158227848101266 60 79
