1 13.9 5.34375 60 128
1 16.76865671641791 6.333333333333333 67 90
1 30.08695652173913 5.597222222222222 46 72
1 51.0 5.451612903225806 22 62
1 22.96153846153846 5.071428571428571 39 105
1 3.0 5.181159420289855 64 138
1 25.913793103448278 4.84065934065934 29 91
1 1.8636363636363635 5.612903225806452 33 62
1 38.916666666666664 5.953333333333333 36 75
1 35.035714285714285 5.297101449275362 28 69
1 12.42 6.637254901960785 25 51
1 18.824324324324323 5.322784810126582 37 79
1 17.5 4.981481481481482 33 81
1 4.758064516129032 5.372340425531915 62 94
1 19.033333333333335 6.972222222222222 15 36
1 89.56666666666666 33.375 15 16
1 0.5 5.867647058823529 20 68
1 0.8157894736842105 5.391472868217054 57 129
1 14.280821917808218 5.407692307692308 73 130
1 20.705882352941178 5.532967032967033 68 91
