1 23.52 5.55607476635514 50 107
1 24.69047619047619 5.565217391304348 42 92
1 8.366666666666667 4.875 45 96
1 20.00980392156863 5.235849056603773 51 106
1 38.67391304347826 4.7560975609756095 46 82
1 42.266666666666666 5.253846153846154 30 65
1 53.5 4.961538461538462 28 91
1 24.44736842105263 9.741379310344827 57 58
1 41.02 4.9523809523809526 25 84
1 25.56896551724138 5.296875 29 64
1 48.87837837837838 5.193181818181818 37 88
1 29.954545454545453 5.024390243902439 44 82
1 11.661290322580646 4.713483146067416 31 89
1 26.875 5.4743589743589745 40 78
1 20.321428571428573 5.674603174603175 28 63
1 13.010204081632653 5.170329670329671 49 91
1 38.5 5.910256410256411 16 39
1 60.76315789473684 46.07142857142857 19 14
1 22.84090909090909 5.210843373493976 44 83
1 11.158536585365853 5.021367521367521 41 117
1 5.22093023255814 5.025252525252525 43 99
1 27.172727272727272 5.798245614035087 55 114
1 28.338709677419356 5.278947368421052 62 95
