1 23.615384615384617 5.242424242424242 52 132
1 15.333333333333334 4.909090909090909 48 132
1 18.73404255319149 4.880952380952381 47 84
1 7.385714285714286 5.032467532467533 35 77
1 22.15625 4.7368421052631575 32 114
1 0.5493827160493827 4.892857142857143 81 140
1 18.01923076923077 5.391566265060241 52 83
1 3.1470588235294117 5.086206896551724 34 87
1 1.0636363636363637 5.043478260869565 55 92
1 95.44117647058823 48.44117647058823 17 17
1 25.625 6.935643564356436 64 101
1 24.51851851851852 5.166666666666667 54 96
1 75.5 4.776923076923077 19 65
1 25.340579710144926 5.245901639344262 69 122
