1 34.833333333333336 5.9945054945054945 45 91
1 6.630434782608695 6.082089552238806 46 67
1 11.826086956521738 7.333333333333333 46 72
1 63.233333333333334 6.244186046511628 30 86
1 30.973684210526315 7.294871794871795 38 78
1 66.38 6.0 25 70
1 45.54761904761905 6.592592592592593 21 54
1 70.3695652173913 7.388888888888889 23 45
1 53.25757575757576 6.484848484848484 33 66
1 61.26923076923077 6.090909090909091 26 66
1 38.5 6.730769230769231 28 65
1 68.375 8.055555555555555 16 36
1 31.1 31.7 10 10
1 46.7 6.852941176470588 20 51
1 13.383333333333333 5.410344827586207 60 145
1 7.1521739130434785 5.563157894736842 46 95
1 6.694444444444445 5.953125 36 64
