1 44.973684210526315 6.071428571428571 38 91
1 11.777777777777779 6.13013698630137 54 73
1 10.586206896551724 6.904761904761905 58 84
1 30.434782608695652 6.476190476190476 46 84
1 63.208333333333336 6.119718309859155 24 71
1 51.71052631578947 6.805084745762712 19 59
1 77.16666666666667 7.855555555555555 21 45
1 73.3076923076923 6.222222222222222 26 72
1 48.75 5.908450704225352 32 71
1 30.32051282051282 6.5 39 70
1 48.7 8.905405405405405 20 37
1 22.7 63.625 10 8
1 41.84782608695652 6.533898305084746 23 59
1 13.741935483870968 5.701388888888889 62 144
1 7.45 5.944444444444445 40 90
1 5.5 6.785714285714286 32 63
