1 35.88297872340426 6.151685393258427 47 89
1 16.45 6.302816901408451 40 71
1 17.31578947368421 6.166666666666667 38 96
1 26.40740740740741 7.123376623376624 54 77
1 40.47142857142857 6.181159420289855 35 69
1 29.725806451612904 6.565573770491803 31 61
1 64.95833333333333 7.543478260869565 24 46
1 37.86 6.357142857142857 50 70
1 50.8448275862069 5.928571428571429 29 70
1 32.38235294117647 6.274647887323944 34 71
1 36.18 8.294871794871796 25 39
1 25.7 64.0 10 8
1 32.53703703703704 6.401639344262295 27 61
1 15.5 5.732876712328767 54 146
1 5.5 5.706521739130435 36 92
1 0.5740740740740741 5.985714285714286 27 70
