1 17.364406779661017 5.368421052631579 59 114
1 33.9 6.2682926829268295 35 82
1 12.792682926829269 7.74 41 75
1 34.520833333333336 5.125 48 80
1 51.642857142857146 5.46875 28 64
1 20.449152542372882 5.672043010752688 59 93
1 24.28125 5.243119266055046 32 109
1 24.023809523809526 5.14367816091954 42 87
1 22.14 5.451612903225806 25 62
1 44.921052631578945 5.14367816091954 38 87
1 41.7 4.9605263157894735 30 76
1 19.56451612903226 6.613207547169812 31 53
1 26.88888888888889 5.1875 36 80
1 21.0609756097561 4.86144578313253 41 83
1 6.892857142857143 5.352631578947369 84 95
1 37.81578947368421 6.642857142857143 19 35
1 32.60526315789474 23.605263157894736 19 19
1 8.69047619047619 5.284810126582278 42 79
1 12.619047619047619 6.1421052631578945 42 95
1 11.547619047619047 6.382352941176471 42 85
1 23.30952380952381 5.611111111111111 63 117
1 39.90909090909091 5.179611650485437 44 103
