1 20.540816326530614 5.763636363636364 49 110
1 27.07777777777778 6.378048780487805 45 82
1 9.428571428571429 5.519230769230769 42 104
1 47.73529411764706 5.32051282051282 34 78
1 35.5 5.844262295081967 39 61
1 25.956521739130434 5.98314606741573 46 89
1 14.744444444444444 5.217948717948718 45 117
1 22.15909090909091 5.170454545454546 44 88
1 15.120689655172415 5.484126984126984 29 63
1 42.166666666666664 5.382352941176471 39 85
1 28.890243902439025 5.078947368421052 41 76
1 19.285714285714285 7.869565217391305 28 46
1 22.158536585365855 5.325 41 80
1 21.789473684210527 5.048780487804878 38 82
1 8.880952380952381 5.678947368421053 63 95
1 34.94444444444444 7.014285714285714 18 35
1 46.5 17.366666666666667 17 15
1 7.666666666666667 5.847222222222222 42 72
1 9.76530612244898 5.985436893203883 49 103
1 4.658730158730159 5.395238095238096 63 105
1 19.527397260273972 5.648760330578512 73 121
1 29.279661016949152 5.551020408163265 59 98
