1 20.441176470588236 5.25 51 116
1 26.34090909090909 5.5989010989010985 44 91
1 3.25 4.811111111111111 44 90
1 16.58108108108108 6.735294117647059 37 85
1 39.26744186046512 4.821428571428571 43 84
1 50.98275862068966 5.212121212121212 29 66
1 28.452380952380953 5.542105263157895 42 95
1 17.875 5.354368932038835 48 103
1 26.628205128205128 4.75 39 92
1 29.738095238095237 5.32258064516129 21 62
1 38.87777777777778 5.086206896551724 45 87
1 36.083333333333336 4.651898734177215 36 79
1 24.423076923076923 5.565573770491803 26 61
1 35.92857142857143 5.006172839506172 28 81
1 26.058823529411764 4.666666666666667 34 84
1 7.537974683544304 7.985294117647059 79 68
1 48.125 5.95945945945946 16 37
1 35.88095238095238 25.833333333333332 21 18
1 10.31081081081081 5.191358024691358 37 81
1 14.182926829268293 7.35 41 80
1 10.214285714285714 5.05 49 100
1 29.1 6.1826923076923075 50 104
1 41.68604651162791 5.076923076923077 43 104
