1 20.467741935483872 5.452755905511811 62 127
1 12.26271186440678 4.954545454545454 59 132
1 26.59090909090909 4.580459770114943 33 87
1 6.181818181818182 4.98051948051948 44 77
1 12.809090909090909 4.7368421052631575 55 114
1 0.6590909090909091 4.828571428571428 44 140
1 27.352941176470587 5.743589743589744 34 78
1 2.522222222222222 5.005747126436781 45 87
1 1.8055555555555556 4.967391304347826 36 92
1 96.55882352941177 48.38235294117647 17 17
1 23.557971014492754 5.713675213675214 69 117
1 30.63953488372093 5.612359550561798 43 89
1 39.12162162162162 4.912698412698413 37 63
1 26.757575757575758 5.692982456140351 66 114
