1 18.02112676056338 4.8125 71 128
1 14.706896551724139 4.784313725490196 58 102
1 10.063636363636364 4.567669172932331 55 133
1 51.015151515151516 3.942105263157895 33 95
1 25.904761904761905 4.1 42 80
1 23.21186440677966 4.3 59 100
1 15.006666666666666 10.718181818181819 75 55
1 22.14864864864865 4.004587155963303 37 109
1 11.385714285714286 4.305194805194805 35 77
1 31.1 4.346153846153846 60 104
1 34.75 4.133663366336633 32 101
1 20.0609756097561 7.657894736842105 41 57
1 7.209677419354839 4.635802469135802 31 81
1 8.559701492537313 4.618181818181818 67 110
1 15.566666666666666 4.277777777777778 15 45
1 55.5 51.833333333333336 14 12
1 18.074468085106382 4.5576923076923075 47 104
1 3.763157894736842 4.694244604316546 76 139
1 22.569444444444443 5.137096774193548 72 124
1 30.033333333333335 4.678217821782178 60 101
