1 45.0 4.783018867924528 30 106
1 13.646341463414634 5.032608695652174 41 92
1 12.55952380952381 4.814285714285714 84 140
1 54.78125 4.45 32 100
1 33.5 4.773584905660377 41 106
1 28.336734693877553 4.820987654320987 49 81
1 21.642857142857142 5.318181818181818 42 66
1 57.65151515151515 4.601010101010101 33 99
1 82.93478260869566 4.818840579710145 23 69
1 48.94827586206897 5.263636363636364 29 55
1 45.34848484848485 4.345238095238095 33 84
1 31.785714285714285 4.271084337349397 35 83
1 14.026315789473685 4.629032258064516 38 93
1 24.282608695652176 5.295918367346939 23 49
1 51.0 54.5 10 10
1 8.15 4.4113924050632916 40 79
1 7.768656716417911 10.488888888888889 67 90
