1 34.9 6.066666666666666 45 90
1 6.670212765957447 6.097014925373134 47 67
1 11.670212765957446 7.108108108108108 47 74
1 76.06 6.323529411764706 25 85
1 28.166666666666668 7.37012987012987 42 77
1 63.88461538461539 6.014285714285714 26 70
1 48.0 6.745283018867925 20 53
1 73.72727272727273 7.388888888888889 22 45
1 53.34848484848485 6.484848484848484 33 66
1 61.38461538461539 6.1923076923076925 26 65
1 37.36206896551724 6.606060606060606 29 66
1 64.32352941176471 8.055555555555555 17 36
1 30.9 32.5 10 10
1 49.3421052631579 7.02 19 50
1 13.0 5.424137931034482 62 145
1 7.031914893617022 5.563157894736842 47 95
1 6.269230769230769 6.087301587301587 39 63
