1 14.552173913043479 4.7011494252873565 115 174
1 24.20212765957447 3.877952755905512 47 127
1 10.640845070422536 3.7457627118644066 71 118
1 14.728915662650602 4.24496644295302 83 149
1 41.81578947368421 3.685185185185185 38 108
1 22.46969696969697 4.509345794392523 66 107
1 33.6578947368421 3.4263157894736844 38 95
1 20.41304347826087 3.6666666666666665 46 78
1 20.393939393939394 3.849056603773585 66 106
1 31.347826086956523 3.3734177215189876 46 79
1 36.68181818181818 3.6746031746031744 33 63
1 31.04054054054054 3.7771084337349397 37 83
1 24.970588235294116 3.3020833333333335 34 96
1 7.214285714285714 3.9356435643564356 49 101
1 10.403225806451612 3.45 31 60
1 26.73076923076923 42.916666666666664 13 12
1 0.75 3.3854166666666665 36 96
