1 13.065217391304348 4.6679389312977095 92 131
1 16.8125 5.1020408163265305 48 98
1 10.026315789473685 4.361313868613139 57 137
1 38.96511627906977 3.716494845360825 43 97
1 26.7 3.8902439024390243 40 82
1 21.693548387096776 4.29 62 100
1 15.554794520547945 10.736363636363636 73 55
1 18.61904761904762 4.014018691588785 42 107
1 11.85483870967742 3.9691358024691357 31 81
1 30.633333333333333 4.1415094339622645 60 106
1 22.2 3.817757009345794 50 107
1 18.593023255813954 5.662162162162162 43 74
1 5.661290322580645 4.487654320987654 31 81
1 6.626760563380282 3.9146341463414633 71 123
1 8.76086956521739 3.9565217391304346 23 46
1 49.766666666666666 45.57142857142857 15 14
1 15.24074074074074 4.333333333333333 54 108
1 2.2974683544303796 4.661971830985915 79 142
1 22.42753623188406 5.656521739130435 69 115
1 31.80909090909091 4.4245283018867925 55 106
