1 22.870967741935484 5.25 62 128
1 12.81578947368421 5.019685039370079 57 127
1 23.475 4.672839506172839 40 81
1 10.294871794871796 4.487012987012987 39 77
1 11.595238095238095 4.8119266055045875 63 109
1 2.15 5.003937007874016 60 127
1 2.0 4.572916666666667 46 96
1 27.77777777777778 4.837209302325581 36 86
1 6.142857142857143 4.668674698795181 42 83
1 4.428571428571429 4.7727272727272725 42 88
1 96.02941176470588 46.029411764705884 17 17
1 22.260563380281692 6.009090909090909 71 110
1 28.208333333333332 5.031914893617022 48 94
1 50.125 4.346153846153846 32 65
1 26.385714285714286 5.0038167938931295 70 131
