1 23.2 5.475806451612903 60 124
1 10.41304347826087 4.919847328244275 69 131
1 19.56382978723404 4.719512195121951 47 82
1 12.033333333333333 4.684210526315789 30 76
1 12.016666666666667 4.705357142857143 60 112
1 1.706896551724138 4.835820895522388 58 134
1 0.9285714285714286 4.644329896907217 63 97
1 28.676470588235293 5.0476190476190474 34 84
1 6.1 4.688235294117647 35 85
1 2.8773584905660377 4.766666666666667 53 90
1 95.91176470588235 47.205882352941174 17 17
1 20.525974025974026 5.883928571428571 77 112
1 26.8 5.17741935483871 50 93
1 44.5 4.453846153846154 35 65
1 29.516129032258064 5.137795275590551 62 127
