1 31.925531914893618 5.4765625 47 128
1 27.46078431372549 5.480952380952381 51 105
1 0.5 6.0 20 68
1 10.987179487179487 5.858695652173913 39 92
1 33.91304347826087 5.768041237113402 46 97
1 13.99056603773585 5.946428571428571 53 112
1 49.5 5.553333333333334 29 75
1 34.72727272727273 6.203703703703703 22 54
1 58.693548387096776 5.5 31 67
1 50.30769230769231 6.913043478260869 26 46
1 46.96875 5.566666666666666 32 75
1 49.833333333333336 5.430555555555555 27 72
1 27.28125 5.5125 32 80
1 61.75 6.986486486486487 16 37
1 31.794117647058822 24.710526315789473 17 19
1 28.26 5.93859649122807 25 57
1 10.96774193548387 6.651785714285714 62 112
1 6.738095238095238 5.264705882352941 42 102
1 2.8703703703703702 5.693548387096774 27 62
1 21.32191780821918 5.688976377952756 73 127
