1 33.354166666666664 5.727642276422764 48 123
1 26.227272727272727 5.558252427184466 55 103
1 1.196969696969697 5.736111111111111 33 72
1 11.1 6.267441860465116 40 86
1 40.03658536585366 5.889473684210526 41 95
1 13.944444444444445 5.958715596330276 63 109
1 51.5 6.0285714285714285 29 70
1 38.26190476190476 6.615384615384615 21 52
1 57.43939393939394 5.742424242424242 33 66
1 55.46 7.2555555555555555 25 45
1 50.306451612903224 5.5131578947368425 31 76
1 50.392857142857146 5.527777777777778 28 72
1 29.661290322580644 5.353658536585366 31 82
1 64.125 7.22972972972973 16 37
1 36.03846153846154 26.192307692307693 13 13
1 32.84782608695652 6.2272727272727275 23 55
1 9.54054054054054 5.557971014492754 74 138
1 8.202702702702704 5.645833333333333 37 96
1 4.230769230769231 5.82258064516129 26 62
1 21.1125 5.671875 80 128
