1 13.716666666666667 5.154135338345864 60 133
1 18.366666666666667 5.947916666666667 60 96
1 37.28378378378378 5.391891891891892 37 74
1 43.15384615384615 5.435483870967742 26 62
1 20.204545454545453 4.953703703703703 44 108
1 2.4565217391304346 5.173913043478261 69 138
1 19.789473684210527 4.926966292134831 38 89
1 2.106060606060606 5.596774193548387 33 62
1 41.23529411764706 6.034246575342466 34 73
1 38.0 5.253623188405797 26 69
1 13.708333333333334 6.578431372549019 24 51
1 20.647058823529413 5.371794871794871 34 78
1 14.35 5.082278481012659 40 79
1 5.481132075471698 5.319148936170213 53 94
1 14.5 6.944444444444445 20 36
1 97.14285714285714 40.857142857142854 14 14
1 0.5 5.794117647058823 20 68
1 0.7459016393442623 5.686991869918699 61 123
1 13.227272727272727 5.571428571428571 77 126
1 25.71818181818182 5.588888888888889 55 90
