1 10.833333333333334 4.6381578947368425 93 152
1 17.595238095238095 5.688118811881188 42 101
1 26.628205128205128 4.333333333333333 39 90
1 10.9 4.512658227848101 35 79
1 22.1 4.537735849056604 35 106
1 2.2557251908396947 5.9035087719298245 131 114
1 1.1666666666666667 4.470588235294118 39 102
1 27.928571428571427 4.48989898989899 42 99
1 5.578431372549019 4.430693069306931 51 101
1 1.4387755102040816 4.587378640776699 49 103
1 0.5567375886524822 4.9963503649635035 141 137
1 27.67241379310345 45.6764705882353 29 17
1 23.715384615384615 5.267441860465116 65 129
1 35.07142857142857 4.638613861386139 42 101
1 44.588235294117645 4.021739130434782 34 69
1 34.39090909090909 4.8515625 55 128
