1 16.746376811594203 5.06 69 125
1 11.669014084507042 5.361386138613861 71 101
1 2.2540983606557377 5.329457364341085 61 129
1 28.75531914893617 4.728915662650603 47 83
1 24.467741935483872 4.594594594594595 31 74
1 32.11764705882353 4.71505376344086 34 93
1 9.734567901234568 6.723529411764706 81 85
1 10.427272727272728 4.672043010752688 55 93
1 46.53125 4.666666666666667 32 96
1 15.954545454545455 5.147058823529412 44 85
1 12.134146341463415 4.773684210526316 41 95
1 8.564516129032258 4.911764705882353 93 119
1 9.527777777777779 5.141304347826087 36 92
1 1.5985915492957747 5.056338028169014 71 142
1 19.52469135802469 5.011278195488722 81 133
1 26.27777777777778 4.742424242424242 63 99
1 65.60714285714286 4.235294117647059 28 68
