1 8.346774193548388 4.897260273972603 124 146
1 17.402439024390244 5.081196581196581 41 117
1 26.32857142857143 4.732558139534884 35 86
1 6.756410256410256 4.648148148148148 39 81
1 20.205882352941178 4.830275229357798 34 109
1 1.0125 4.715277777777778 80 144
1 22.351063829787233 4.840425531914893 47 94
1 2.289473684210526 4.651515151515151 57 99
1 102.96666666666667 52.214285714285715 15 14
1 20.136363636363637 5.086466165413534 77 133
1 34.475 4.518867924528302 40 106
1 42.05882352941177 4.282608695652174 34 69
1 23.246666666666666 4.820610687022901 75 131
