1 29.988372093023255 4.288135593220339 43 118
1 11.663636363636364 4.760416666666667 55 96
1 20.059322033898304 5.246153846153846 59 130
1 52.71212121212121 3.9537037037037037 33 108
1 31.97826086956522 4.846153846153846 46 104
1 25.946428571428573 4.347058823529411 56 85
1 25.66216216216216 4.206666666666667 37 75
1 30.464285714285715 4.0514018691588785 56 107
1 42.42857142857143 3.623456790123457 42 81
1 54.11538461538461 3.992063492063492 26 63
1 32.08139534883721 3.9941176470588236 43 85
1 24.523809523809526 3.575268817204301 42 93
1 7.40625 4.1568627450980395 64 102
1 18.94 4.107142857142857 25 56
1 33.03846153846154 46.333333333333336 13 12
1 4.7926829268292686 3.7333333333333334 41 90
1 2.6904761904761907 24.79268292682927 63 41
