1 22.132653061224488 4.68705035971223 49 139
1 12.634328358208956 5.29047619047619 67 105
1 28.318181818181817 4.546511627906977 44 86
1 17.22222222222222 4.552631578947368 36 76
1 31.661290322580644 4.664948453608248 31 97
1 11.754545454545454 6.479591836734694 55 98
1 9.329268292682928 4.790322580645161 41 93
1 39.32857142857143 4.645833333333333 35 96
1 13.119047619047619 4.520833333333333 42 96
1 8.524390243902438 4.53960396039604 41 101
1 8.073170731707316 5.966666666666667 82 105
1 30.642857142857142 41.125 21 16
1 3.858490566037736 4.9375 53 96
1 22.78985507246377 5.189922480620155 69 129
1 28.696428571428573 5.166666666666667 56 93
1 58.98275862068966 4.079710144927536 29 69
