1 54.725806451612904 6.329545454545454 31 88
1 10.570175438596491 6.194444444444445 57 72
1 12.354166666666666 6.773809523809524 48 84
1 26.403846153846153 6.255813953488372 52 86
1 61.46 5.986111111111111 25 72
1 41.208333333333336 6.879310344827586 24 58
1 62.46153846153846 8.5 26 42
1 61.04838709677419 6.316901408450704 31 71
1 56.107142857142854 6.094202898550725 28 69
1 30.26923076923077 6.263888888888889 39 72
1 51.60526315789474 9.414285714285715 19 35
1 21.3 63.0 10 8
1 50.921052631578945 6.4491525423728815 19 59
1 11.97887323943662 5.902877697841727 71 139
1 8.472222222222221 5.884615384615385 36 91
1 6.075757575757576 7.245762711864407 33 59
