1 47.125 6.120689655172414 40 116
1 34.61363636363637 6.726190476190476 44 84
1 5.861111111111111 6.392307692307693 36 65
1 10.956521739130435 7.626760563380282 46 71
1 44.6219512195122 5.46969696969697 41 99
1 21.066037735849058 6.895348837209302 53 86
1 56.08620689655172 6.057142857142857 29 70
1 43.595238095238095 6.574074074074074 21 54
1 74.78571428571429 7.895348837209302 21 43
1 57.0 6.035211267605634 30 71
1 59.84615384615385 6.067164179104478 26 67
1 35.56896551724138 6.111111111111111 29 72
1 57.23684210526316 8.0 19 36
1 31.772727272727273 26.0 11 10
1 40.40909090909091 6.613207547169812 22 53
1 12.109375 6.476 64 125
1 8.605263157894736 5.73404255319149 38 94
1 7.6923076923076925 6.333333333333333 26 60
