1 49.214285714285715 5.283505154639175 28 97
1 17.954545454545453 5.27906976744186 33 86
1 12.1875 5.76890756302521 80 119
1 38.81111111111111 4.868421052631579 45 95
1 34.2 5.338383838383838 40 99
1 31.761904761904763 5.406666666666666 42 75
1 21.8 6.283333333333333 40 60
1 45.46774193548387 6.438775510204081 31 49
1 55.642857142857146 4.695121951219512 28 82
1 33.385714285714286 4.921052631578948 35 76
1 17.735294117647058 6.664179104477612 34 67
1 24.58 6.5227272727272725 25 44
1 55.4 51.9 10 10
1 10.921052631578947 5.369565217391305 38 69
1 8.592105263157896 8.133928571428571 76 112
