1 38.84146341463415 6.204545454545454 41 88
1 8.975 6.242424242424242 40 66
1 12.818181818181818 6.154761904761905 44 84
1 30.175 7.473333333333334 40 75
1 63.96153846153846 5.833333333333333 26 72
1 54.27777777777778 6.839622641509434 18 53
1 81.8 7.477777777777778 20 45
1 45.52564102564103 6.515151515151516 39 66
1 66.875 6.713114754098361 24 61
1 31.585714285714285 6.297101449275362 35 69
1 60.44444444444444 7.986486486486487 18 37
1 28.9 37.7 10 10
1 43.36363636363637 7.4375 22 48
1 12.607692307692307 5.534965034965035 65 143
1 8.012195121951219 5.648936170212766 41 94
1 5.630434782608695 6.720338983050848 46 59
