1 13.55 5.445736434108527 60 129
1 17.683333333333334 5.904040404040404 60 99
1 37.554054054054056 5.18 37 75
1 33.64705882352941 5.354838709677419 34 62
1 16.425925925925927 5.185714285714286 54 105
1 1.403225806451613 5.523076923076923 93 130
1 20.77027027027027 5.304878048780488 37 82
1 3.9827586206896552 5.896551724137931 29 58
1 41.970588235294116 6.195652173913044 34 69
1 37.035714285714285 5.642857142857143 28 63
1 14.87037037037037 6.791666666666667 27 48
1 19.55263157894737 5.3311688311688314 38 77
1 16.25 4.993670886075949 36 79
1 4.713114754098361 5.368131868131868 61 91
1 29.772727272727273 7.5 11 33
1 103.34615384615384 51.583333333333336 13 12
1 0.8870967741935484 5.602941176470588 31 68
1 0.6724137931034483 6.60377358490566 87 106
1 14.426470588235293 6.108695652173913 68 115
1 30.69148936170213 5.7298850574712645 47 87
