1 13.533333333333333 4.978260869565218 60 138
1 20.71153846153846 5.607843137254902 52 102
1 52.92307692307692 5.197368421052632 26 76
1 37.4 5.403225806451613 30 62
1 17.30392156862745 4.881818181818182 51 110
1 1.94 5.173913043478261 75 138
1 15.377551020408163 5.069767441860465 49 86
1 2.3484848484848486 5.580645161290323 33 62
1 43.84375 6.2 32 70
1 41.5 5.294117647058823 24 68
1 15.818181818181818 6.5 22 51
1 22.85483870967742 5.409090909090909 31 77
1 11.66326530612245 5.115384615384615 49 78
1 6.5227272727272725 5.276595744680851 44 94
1 11.78 6.944444444444445 25 36
1 104.34615384615384 49.166666666666664 13 12
1 0.5 5.720588235294118 20 68
1 0.6818181818181818 6.1347826086956525 66 115
1 12.265432098765432 5.737704918032787 81 122
1 34.670731707317074 5.566666666666666 41 90
