1 12.746376811594203 5.718487394957983 69 119
1 18.903225806451612 7.0875 62 80
1 34.523809523809526 5.691780821917808 42 73
1 42.7962962962963 5.631147540983607 27 61
1 23.23170731707317 6.0 41 90
1 3.5375 5.327067669172933 80 133
1 17.954545454545453 5.5602409638554215 44 83
1 3.0555555555555554 5.725806451612903 27 62
1 37.5 5.5 38 82
1 31.15625 5.428571428571429 32 70
1 11.26923076923077 6.125 26 56
1 23.533333333333335 5.253086419753086 30 81
1 16.93243243243243 5.5 37 76
1 5.515151515151516 5.543478260869565 66 92
1 17.166666666666668 7.0 18 36
1 69.32352941176471 20.555555555555557 17 18
1 0.8478260869565217 5.597222222222222 46 72
1 1.375 6.3125 88 112
1 19.775862068965516 5.530769230769231 58 130
1 32.477777777777774 5.38421052631579 45 95
