1 17.63235294117647 5.325757575757576 68 132
1 15.333333333333334 5.066929133858268 48 127
1 26.651515151515152 4.6022727272727275 33 88
1 5.521739130434782 5.297297297297297 46 74
1 15.7 5.032110091743119 45 109
1 0.7040816326530612 4.8546099290780145 49 141
1 23.75 5.22093023255814 40 86
1 2.75 5.392857142857143 36 84
1 0.9761904761904762 5.15934065934066 42 91
1 107.96666666666667 59.357142857142854 15 14
1 29.25 8.939024390243903 56 82
1 35.05263157894737 4.803921568627451 38 102
1 44.65625 4.776923076923077 32 65
1 26.393939393939394 4.767175572519084 66 131
