1 20.323529411764707 5.025 51 120
1 29.325 5.895348837209302 40 86
1 1.4787234042553192 5.051724137931035 47 87
1 14.25 7.1375 40 80
1 41.9 4.809523809523809 40 84
1 43.029411764705884 5.3307692307692305 34 65
1 24.5 5.639784946236559 49 93
1 19.404761904761905 5.254716981132075 42 106
1 25.625 4.771739130434782 40 92
1 25.630434782608695 5.387096774193548 23 62
1 46.770270270270274 5.097701149425287 37 87
1 42.56666666666667 4.824675324675325 30 77
1 19.53125 6.043859649122807 32 57
1 26.026315789473685 5.125 38 80
1 20.36046511627907 4.801204819277109 43 83
1 9.482758620689655 6.65 58 80
1 43.85294117647059 6.277777777777778 17 36
1 29.45 27.86842105263158 20 19
1 9.182926829268293 5.154320987654321 41 81
1 13.621951219512194 7.114457831325301 41 83
1 13.064102564102564 6.67948717948718 39 78
1 27.650943396226417 5.560869565217391 53 115
1 36.19387755102041 4.971698113207547 49 106
