1 15.216216216216216 5.817073170731708 74 123
1 15.5 6.287878787878788 77 99
1 6.84 5.45 50 100
1 50.391891891891895 5.486486486486487 37 74
1 52.28125 5.2384615384615385 32 65
1 19.983333333333334 8.25 60 72
1 6.991228070175438 5.274436090225564 57 133
1 28.333333333333332 5.272151898734177 42 79
1 25.291666666666668 5.718181818181818 24 55
1 40.44736842105263 5.5 38 63
1 36.833333333333336 6.633333333333334 27 45
1 36.94117647058823 5.34 34 75
1 27.973684210526315 5.1438356164383565 38 73
1 15.5 5.427710843373494 42 83
1 54.1 7.375 15 32
1 56.5 42.166666666666664 21 15
1 15.887096774193548 5.93859649122807 31 57
1 9.25 5.647826086956521 60 115
1 2.5943396226415096 5.018867924528302 53 106
1 16.094594594594593 6.438053097345133 74 113
