1 22.25 5.368217054263566 56 129
1 13.783018867924529 4.931818181818182 53 132
1 21.451219512195124 4.770588235294118 41 85
1 6.782051282051282 5.0064935064935066 39 77
1 16.833333333333332 4.7368421052631575 42 114
1 0.5769230769230769 4.864285714285714 65 140
1 21.204545454545453 5.5246913580246915 44 81
1 2.8333333333333335 5.051724137931035 39 87
1 1.3085106382978724 5.010869565217392 47 92
1 95.8529411764706 48.5 17 17
1 24.757575757575758 6.351851851851852 66 108
1 26.96938775510204 5.349462365591398 49 93
1 53.351851851851855 4.84375 27 64
1 26.20149253731343 5.466101694915254 67 118
