1 12.84375 5.348484848484849 64 132
1 17.112903225806452 5.92 62 100
1 32.68604651162791 5.126666666666667 43 75
1 37.62903225806452 5.401639344262295 31 61
1 16.858490566037737 5.259615384615385 53 104
1 1.6625 5.5 80 131
1 19.109756097560975 5.071428571428571 41 84
1 4.318181818181818 5.885964912280702 33 57
1 41.44285714285714 6.108695652173913 35 69
1 34.274193548387096 5.421875 31 64
1 16.203703703703702 6.797872340425532 27 47
1 22.58823529411765 5.527027027027027 34 74
1 15.81578947368421 5.084415584415584 38 77
1 6.611111111111111 5.466292134831461 45 89
1 29.333333333333332 7.625 12 32
1 95.28571428571429 46.96153846153846 14 13
1 1.1923076923076923 5.369565217391305 39 69
1 1.0731707317073171 6.566666666666666 82 105
1 13.162162162162161 6.056521739130435 74 115
1 30.5 5.817647058823529 48 85
