1 11.905063291139241 4.47093023255814 79 172
1 28.28787878787879 4.213114754098361 33 122
1 19.264705882352942 3.6954887218045114 51 133
1 29.068181818181817 4.23943661971831 44 142
1 63.43333333333333 3.4603960396039604 30 101
1 66.3076923076923 3.5123456790123457 26 81
1 30.92 5.259036144578313 50 83
1 35.01219512195122 4.157894736842105 41 114
1 35.62903225806452 3.895348837209302 31 86
1 44.90909090909091 3.94 22 75
1 33.4 4.004854368932039 30 103
1 37.98 3.655844155844156 25 77
1 41.06521739130435 4.394736842105263 23 57
1 16.30392156862745 3.9556962025316458 51 79
1 18.166666666666668 3.6808510638297873 36 94
1 9.25 3.6926605504587156 28 109
1 8.06 4.0 25 58
1 80.25 49.59090909090909 12 11
