1 20.057377049180328 4.972 61 125
1 14.775862068965518 6.276470588235294 58 85
1 5.214285714285714 4.704379562043796 56 137
1 39.94444444444444 4.454022988505747 36 87
1 23.13157894736842 4.838028169014085 38 71
1 35.984848484848484 4.650537634408602 33 93
1 10.268292682926829 14.261904761904763 82 42
1 12.93859649122807 6.5 57 71
1 5.769230769230769 4.602564102564102 26 78
1 45.3 4.654639175257732 35 97
1 14.954545454545455 5.058139534883721 55 86
1 17.5 4.635416666666667 35 96
1 1.065217391304348 5.358974358974359 23 78
1 10.921052631578947 5.209090909090909 76 110
1 2.1 5.309523809523809 20 42
1 58.96153846153846 44.142857142857146 13 14
1 9.648936170212766 5.3522727272727275 47 88
1 4.17741935483871 5.051470588235294 62 136
1 19.379518072289155 4.988721804511278 83 133
1 36.265957446808514 5.236263736263736 47 91
