1 13.135294117647058 5.313432835820896 85 134
1 12.793103448275861 4.916 58 125
1 21.865853658536587 4.744186046511628 41 86
1 5.9523809523809526 4.867088607594937 42 79
1 17.675 4.765486725663717 40 113
1 0.8 4.9071428571428575 60 140
1 22.18888888888889 4.961538461538462 45 91
1 2.008771929824561 4.829787234042553 57 94
1 0.5 4.7727272727272725 30 99
1 105.16666666666667 56.07142857142857 15 14
1 25.42063492063492 6.39908256880734 63 109
1 29.47826086956522 4.6923076923076925 46 104
1 54.84615384615385 4.544776119402985 26 67
1 29.39830508474576 4.988188976377953 59 127
