1 24.925925925925927 5.532520325203252 54 123
1 13.185185185185185 4.96969696969697 54 132
1 22.4 4.454022988505747 40 87
1 7.7682926829268295 4.733766233766234 41 77
1 17.304878048780488 4.75 41 112
1 1.3222222222222222 4.768115942028985 45 138
1 0.5909090909090909 4.59 33 100
1 23.085365853658537 5.186746987951807 41 83
1 4.294871794871795 4.670454545454546 39 88
1 3.5 4.938202247191011 32 89
1 95.8529411764706 47.85294117647059 17 17
1 22.7 5.9324324324324325 70 111
1 21.68032786885246 5.068421052631579 61 95
1 55.870370370370374 4.46969696969697 27 66
1 30.116666666666667 5.241935483870968 60 124
