1 13.454545454545455 5.658333333333333 66 120
1 19.048387096774192 7.256410256410256 62 78
1 29.34 6.13768115942029 50 69
1 38.8 5.647540983606557 30 61
1 24.67948717948718 6.224137931034483 39 87
1 3.5930232558139537 5.296992481203008 86 133
1 16.98936170212766 5.572289156626506 47 83
1 3.086206896551724 5.725806451612903 29 62
1 37.71052631578947 5.276470588235294 38 85
1 28.7 5.557971014492754 35 69
1 11.384615384615385 6.008771929824562 26 57
1 22.25 5.35 32 80
1 15.261904761904763 5.815068493150685 42 73
1 6.023809523809524 5.711111111111111 63 90
1 19.8125 7.0 16 36
1 63.5 18.944444444444443 18 18
1 1.0869565217391304 5.638888888888889 46 72
1 1.541237113402062 6.61214953271028 97 107
1 18.53174603174603 5.5 63 131
1 35.142857142857146 5.34375 42 96
