1 20.160714285714285 4.861538461538461 56 130
1 13.203125 5.3076923076923075 64 104
1 1.1666666666666667 8.005494505494505 51 91
1 33.705128205128204 4.523255813953488 39 86
1 23.566666666666666 4.635135135135135 30 74
1 31.772727272727273 4.801075268817204 33 93
1 12.30327868852459 6.247368421052632 61 95
1 8.55084745762712 4.747311827956989 59 93
1 37.06410256410256 4.666666666666667 39 96
1 13.416666666666666 4.915730337078652 48 89
1 10.865853658536585 4.58080808080808 41 99
1 10.045454545454545 5.115384615384615 77 117
1 6.329787234042553 5.258241758241758 47 91
1 0.7428571428571429 5.427007299270073 70 137
1 30.307692307692307 4.988721804511278 52 133
1 29.232142857142858 5.005263157894737 56 95
1 51.042857142857144 4.1911764705882355 35 68
