1 23.466101694915253 5.524390243902439 59 123
1 10.863636363636363 4.935114503816794 66 131
1 19.91304347826087 4.668674698795181 46 83
1 11.03125 4.697368421052632 32 76
1 12.62280701754386 4.714285714285714 57 112
1 1.6851851851851851 4.850746268656716 54 134
1 0.9035087719298246 4.664948453608248 57 97
1 27.7 5.059523809523809 35 84
1 5.694444444444445 4.723529411764706 36 85
1 2.9693877551020407 4.788888888888889 49 90
1 95.91176470588235 47.26470588235294 17 17
1 20.81578947368421 5.883928571428571 76 112
1 25.71153846153846 5.17741935483871 52 93
1 46.92424242424242 4.469230769230769 33 65
1 29.451612903225808 5.182539682539683 62 126
