1 14.140625 4.596045197740113 128 177
1 24.458333333333332 4.0 48 124
1 13.148148148148149 3.8684210526315788 54 114
1 12.489690721649485 4.472222222222222 97 144
1 40.475 3.830188679245283 40 106
1 25.02542372881356 4.267857142857143 59 112
1 25.19811320754717 3.630434782608696 53 92
1 26.614285714285714 3.8157894736842106 35 76
1 24.93103448275862 3.8773584905660377 58 106
1 27.339285714285715 3.2439024390243905 56 82
1 43.63793103448276 3.4846153846153847 29 65
1 28.1046511627907 3.5 43 89
1 26.323529411764707 3.331578947368421 34 95
1 8.138297872340425 3.9653465346534653 47 101
1 12.678571428571429 3.4833333333333334 28 60
1 28.346153846153847 44.25 13 12
1 1.5238095238095237 3.4157894736842107 42 95
