1 43.28787878787879 5.542553191489362 33 94
1 9.592307692307692 6.148648648648648 65 74
1 10.94 6.850515463917525 75 97
1 38.72222222222222 5.443181818181818 45 88
1 31.267441860465116 5.377551020408164 43 98
1 42.06666666666667 5.636986301369863 30 73
1 19.425 7.107142857142857 40 56
1 51.24074074074074 6.74 27 50
1 56.189655172413794 5.593333333333334 29 75
1 30.35 5.757142857142857 40 70
1 18.125 5.842105263157895 40 76
1 31.404761904761905 7.4523809523809526 21 42
1 58.4 60.5 10 8
1 12.152173913043478 7.0964912280701755 46 57
1 8.796296296296296 6.492592592592593 81 135
