1 13.170886075949367 6.548543689320389 79 103
1 16.79310344827586 5.978260869565218 58 92
1 3.1923076923076925 4.479591836734694 39 98
1 10.581632653061224 5.084905660377358 49 106
1 38.59756097560975 4.523255813953488 41 86
1 41.21875 4.728571428571429 32 70
1 20.38679245283019 5.150485436893204 53 103
1 19.1046511627907 5.109523809523809 43 105
1 23.474358974358974 4.565217391304348 39 92
1 20.86 4.946153846153846 25 65
1 38.33720930232558 4.840909090909091 43 88
1 32.94444444444444 4.616883116883117 36 77
1 14.25 5.3 32 65
1 27.34375 4.607142857142857 32 84
1 15.925531914893616 4.845679012345679 47 81
1 6.14367816091954 12.141509433962264 87 53
1 49.42307692307692 5.5 13 37
1 62.26190476190476 33.3235294117647 21 17
1 4.708333333333333 4.948275862068965 48 87
1 5.6506849315068495 5.5285714285714285 73 105
1 5.590909090909091 5.114583333333333 44 96
1 18.616883116883116 6.871134020618556 77 97
1 26.715384615384615 4.722222222222222 65 108
