1 13.986842105263158 6.529126213592233 76 103
1 16.275862068965516 5.634020618556701 58 97
1 2.2142857142857144 4.282178217821782 42 101
1 8.89622641509434 4.898148148148148 53 108
1 37.548780487804876 4.339080459770115 41 87
1 39.625 4.557142857142857 32 70
1 16.72222222222222 4.990384615384615 63 104
1 17.977272727272727 5.086538461538462 44 104
1 23.41891891891892 4.381720430107527 37 93
1 19.1 4.823076923076923 25 65
1 40.15 4.7988505747126435 40 87
1 31.583333333333332 4.487012987012987 36 77
1 12.378787878787879 5.1923076923076925 33 65
1 25.106060606060606 4.548192771084337 33 83
1 16.406976744186046 4.646341463414634 43 82
1 5.369565217391305 11.99056603773585 92 53
1 37.3125 5.22972972972973 16 37
1 73.23684210526316 34.23684210526316 19 19
1 3.826530612244898 5.114457831325301 49 83
1 4.288235294117647 5.035087719298246 85 114
1 4.366666666666666 4.8 45 100
1 20.055555555555557 6.364077669902913 72 103
1 26.33076923076923 4.9411764705882355 65 102
