1 15.513513513513514 5.137096774193548 74 124
1 11.472222222222221 5.352941176470588 72 102
1 2.093220338983051 5.270992366412214 59 131
1 27.916666666666668 4.728915662650603 48 83
1 24.833333333333332 4.608108108108108 30 74
1 32.74242424242424 4.71505376344086 33 93
1 9.635802469135802 6.06989247311828 81 93
1 10.045454545454545 4.563157894736842 55 95
1 50.94827586206897 4.666666666666667 29 96
1 15.590909090909092 5.147058823529412 44 85
1 11.817073170731707 4.794736842105263 41 95
1 8.33157894736842 4.830578512396694 95 121
1 9.166666666666666 5.1521739130434785 36 92
1 1.3873239436619718 5.131205673758865 71 141
1 17.16304347826087 5.041353383458647 92 133
1 24.619402985074625 4.795918367346939 67 98
1 76.0 4.220588235294118 24 68
