1 43.07575757575758 5.695652173913044 33 92
1 10.336065573770492 6.148648648648648 61 74
1 11.31081081081081 6.732323232323233 74 99
1 37.95652173913044 5.522988505747127 46 87
1 30.636363636363637 5.58421052631579 44 95
1 34.229729729729726 5.623287671232877 37 73
1 22.47142857142857 7.071428571428571 35 56
1 49.535714285714285 6.74 28 50
1 55.94827586206897 5.58 29 75
1 35.61764705882353 5.728571428571429 34 70
1 19.283783783783782 5.5886075949367084 37 79
1 32.9 7.22093023255814 20 43
1 58.2 60.75 10 8
1 13.329268292682928 7.043859649122807 41 57
1 8.981012658227849 6.492592592592593 79 135
