1 13.193548387096774 5.423076923076923 62 130
1 17.385245901639344 5.954545454545454 61 99
1 34.13414634146341 5.153333333333333 41 75
1 35.07575757575758 5.32258064516129 33 62
1 16.80188679245283 5.25 53 104
1 1.5114942528735633 5.538461538461538 87 130
1 20.473684210526315 5.186746987951807 38 83
1 4.306451612903226 5.93859649122807 31 57
1 42.411764705882355 6.235294117647059 34 68
1 35.1 5.563492063492063 30 63
1 15.722222222222221 6.840425531914893 27 47
1 21.083333333333332 5.46 36 75
1 16.52777777777778 5.0256410256410255 36 78
1 5.537735849056604 5.477528089887641 53 89
1 31.227272727272727 7.65625 11 32
1 102.88461538461539 51.5 13 12
1 1.1285714285714286 5.427536231884058 35 69
1 0.8837209302325582 6.604761904761904 86 105
1 13.753521126760564 6.131578947368421 71 114
1 30.333333333333332 5.767441860465116 48 86
