1 25.444444444444443 4.964 54 125
1 12.5 5.780898876404494 75 89
1 11.074468085106384 4.62781954887218 47 133
1 40.329268292682926 4.209677419354839 41 93
1 41.65384615384615 4.6066666666666665 26 75
1 35.37179487179487 4.84065934065934 39 91
1 12.30232558139535 11.84 86 50
1 15.245454545454546 4.84375 55 96
1 13.133333333333333 4.538961038961039 30 77
1 52.32857142857143 4.73469387755102 35 98
1 31.176470588235293 4.438144329896907 34 97
1 19.357142857142858 5.127906976744186 42 86
1 11.108695652173912 5.136363636363637 23 77
1 9.548780487804878 5.0607476635514015 82 107
1 12.595238095238095 4.886363636363637 21 44
1 72.5 49.166666666666664 11 12
1 11.079710144927537 4.788659793814433 69 97
1 6.578125 4.880597014925373 64 134
1 27.919354838709676 4.909090909090909 62 132
1 28.921875 4.908163265306122 64 98
