1 16.22222222222222 6.203703703703703 72 108
1 13.421875 4.910714285714286 64 112
1 5.8023255813953485 9.048387096774194 43 62
1 29.92222222222222 4.319277108433735 45 83
1 32.59375 4.194444444444445 32 72
1 18.384615384615383 5.084158415841584 52 101
1 13.91304347826087 5.009433962264151 46 106
1 16.73076923076923 4.335164835164835 39 91
1 9.392857142857142 4.385714285714286 28 70
1 35.55 4.825301204819277 40 83
1 27.0 4.305194805194805 34 77
1 4.5 5.151515151515151 43 66
1 17.66216216216216 5.6940298507462686 37 67
1 15.378787878787879 4.452941176470588 33 85
1 3.3552631578947367 5.151376146788991 76 109
1 19.35 4.986486486486487 20 37
1 74.83333333333333 39.85294117647059 21 17
1 0.631578947368421 4.8 38 90
1 1.1082474226804124 4.7578125 97 128
1 0.5 4.96 23 100
1 15.035353535353535 5.790909090909091 99 110
1 22.9 4.85 70 100
