1 39.98571428571429 5.395833333333333 35 96
1 13.877777777777778 5.769230769230769 45 78
1 14.171875 6.197247706422019 64 109
1 41.357142857142854 5.15934065934066 42 91
1 43.62903225806452 6.011111111111111 31 90
1 28.788888888888888 5.809859154929577 45 71
1 21.973684210526315 6.209677419354839 38 62
1 42.46969696969697 7.260869565217392 33 46
1 49.84375 5.381578947368421 32 76
1 38.725806451612904 5.416666666666667 31 72
1 20.166666666666668 5.425925925925926 33 81
1 25.86 7.451219512195122 25 41
1 57.1 62.25 10 8
1 11.595238095238095 6.274193548387097 42 62
1 9.006493506493506 7.132 77 125
