1 8.536697247706423 4.529239766081871 109 171
1 26.02777777777778 4.213114754098361 36 122
1 18.826923076923077 3.8671875 52 128
1 27.095744680851062 4.180555555555555 47 144
1 63.36666666666667 3.4306930693069306 30 101
1 43.88461538461539 3.5625 39 80
1 31.540816326530614 4.925287356321839 49 87
1 37.526315789473685 4.207964601769912 38 113
1 27.1 3.895348837209302 40 86
1 42.71739130434783 3.9864864864864864 23 74
1 22.27777777777778 4.103960396039604 45 101
1 25.05263157894737 4.13768115942029 38 69
1 41.06521739130435 4.275862068965517 23 58
1 17.979166666666668 3.9683544303797467 48 79
1 16.175 3.6382978723404253 40 94
1 9.214285714285714 3.6743119266055047 28 109
1 7.462962962962963 3.9482758620689653 27 58
1 87.5 49.40909090909091 11 11
