1 14.694805194805195 6.266355140186916 77 107
1 13.8125 4.848214285714286 64 112
1 8.368421052631579 5.988888888888889 38 90
1 28.846938775510203 4.309523809523809 49 84
1 34.90625 4.274647887323944 32 71
1 16.433333333333334 5.15 60 100
1 13.57843137254902 5.3 51 100
1 19.05263157894737 4.209677419354839 38 93
1 10.257575757575758 4.666666666666667 33 66
1 31.45744680851064 4.785714285714286 47 84
1 28.32857142857143 4.318181818181818 35 77
1 7.388888888888889 5.1461538461538465 36 65
1 17.20731707317073 5.0675675675675675 41 74
1 17.439393939393938 4.405882352941177 33 85
1 4.3734177215189876 6.3791208791208796 79 91
1 32.92857142857143 4.9324324324324325 14 37
1 72.97619047619048 43.14705882352941 21 17
1 1.2419354838709677 4.948275862068965 62 87
1 2.2701149425287355 4.642857142857143 87 126
1 1.1 4.9646464646464645 50 99
1 17.547619047619047 5.7342342342342345 84 111
1 27.383333333333333 5.145833333333333 60 96
