1 53.09375 6.241573033707865 32 89
1 10.857142857142858 6.194444444444445 56 72
1 11.696078431372548 6.7976190476190474 51 84
1 26.5 6.347058823529411 52 85
1 61.34 6.0 25 72
1 44.90909090909091 6.879310344827586 22 58
1 67.625 8.290697674418604 24 43
1 61.145161290322584 6.316901408450704 31 71
1 54.12068965517241 6.0 29 70
1 30.294871794871796 6.263888888888889 39 72
1 49.0 9.166666666666666 20 36
1 21.5 63.125 10 8
1 48.35 6.466101694915254 20 59
1 12.514705882352942 5.857142857142857 68 140
1 8.22972972972973 5.895604395604396 37 91
1 6.15625 7.116666666666666 32 60
