1 7.672131147540983 4.313559322033898 122 177
1 26.757142857142856 4.213114754098361 35 122
1 19.225490196078432 3.8 51 130
1 29.022727272727273 4.109589041095891 44 146
1 63.36666666666667 3.4504950495049505 30 101
1 41.74390243902439 3.575 41 80
1 33.630434782608695 5.088235294117647 46 85
1 34.86585365853659 4.149122807017544 41 114
1 24.211111111111112 3.895348837209302 45 86
1 44.72727272727273 3.94 22 75
1 27.97222222222222 4.0588235294117645 36 102
1 28.833333333333332 3.9027777777777777 33 72
1 41.02173913043478 4.359649122807017 23 57
1 17.479591836734695 3.981012658227848 49 79
1 15.817073170731707 3.648936170212766 41 94
1 9.25 3.6743119266055047 28 109
1 7.5 3.9655172413793105 27 58
1 80.16666666666667 49.40909090909091 12 11
