1 14.582191780821917 4.854330708661418 73 127
1 13.87037037037037 4.254237288135593 54 118
1 10.28688524590164 4.301470588235294 61 136
1 69.91666666666667 3.6666666666666665 24 96
1 30.852941176470587 3.85 34 80
1 28.97826086956522 4.215686274509804 46 102
1 14.935897435897436 8.930769230769231 78 65
1 18.675 6.5 40 66
1 9.928571428571429 3.8333333333333335 35 81
1 33.5 4.056603773584905 53 106
1 17.706349206349206 3.9215686274509802 63 102
1 18.24418604651163 4.055555555555555 43 99
1 3.590909090909091 4.3125 33 80
1 5.383333333333334 4.02542372881356 60 118
1 9.552631578947368 3.5425531914893615 19 47
1 45.75 47.5 16 14
1 15.520408163265307 4.923913043478261 49 92
1 0.5 4.386666666666667 75 150
1 18.09493670886076 5.107692307692307 79 130
1 28.85593220338983 4.256756756756757 59 111
