1 29.058139534883722 4.214285714285714 43 119
1 8.78 4.622448979591836 75 98
1 20.99122807017544 4.707142857142857 57 140
1 41.3780487804878 3.7545454545454544 41 110
1 27.764150943396228 4.719047619047619 53 105
1 27.852941176470587 3.4896907216494846 51 97
1 31.3 3.9415584415584415 30 77
1 31.754901960784313 4.160194174757281 51 103
1 25.863636363636363 3.2976190476190474 66 84
1 42.65625 3.935483870967742 32 62
1 31.476190476190474 3.876470588235294 42 85
1 21.81111111111111 3.4574468085106385 45 94
1 6.111111111111111 4.255102040816326 72 98
1 16.5 3.7033898305084745 26 59
1 30.576923076923077 45.833333333333336 13 12
1 3.188888888888889 3.532258064516129 45 93
