1 22.64516129032258 5.42 62 125
1 10.632352941176471 4.930769230769231 68 130
1 20.152173913043477 4.7592592592592595 46 81
1 12.533333333333333 4.564935064935065 30 77
1 11.328125 4.743243243243243 64 111
1 1.85 4.912213740458015 60 131
1 1.1612903225806452 4.65625 62 96
1 29.833333333333332 5.023809523809524 33 84
1 6.388888888888889 4.690476190476191 36 84
1 3.1226415094339623 4.722222222222222 53 90
1 96.08823529411765 46.55882352941177 17 17
1 20.789473684210527 5.941441441441442 76 111
1 28.041666666666668 5.155913978494624 48 93
1 44.98571428571429 4.407692307692308 35 65
1 28.703125 5.109375 64 128
