1 17.696428571428573 5.9036697247706424 56 109
1 25.5 6.791139240506329 48 79
1 7.346153846153846 5.433962264150943 39 106
1 59.129629629629626 6.380597014925373 27 67
1 41.59375 5.725806451612903 32 62
1 22.441176470588236 5.9222222222222225 51 90
1 9.766666666666667 5.577586206896552 60 116
1 14.067164179104477 5.670731707317073 67 82
1 14.166666666666666 5.811475409836065 24 61
1 38.792682926829265 5.394117647058824 41 85
1 45.54 5.032467532467533 25 77
1 19.625 6.336363636363636 24 55
1 23.97222222222222 5.3625 36 80
1 15.066037735849056 5.525974025974026 53 77
1 8.03623188405797 5.944444444444445 69 90
1 30.38888888888889 7.185714285714286 18 35
1 53.26470588235294 15.428571428571429 17 14
1 6.313953488372093 6.108695652173913 43 69
1 4.115384615384615 6.51 104 100
1 3.522727272727273 5.277777777777778 44 108
1 23.3135593220339 5.556 59 125
1 28.316666666666666 6.038461538461538 60 91
