1 31.375 4.892 40 125
1 18.159574468085108 8.53125 47 64
1 5.741935483870968 4.7592592592592595 62 135
1 41.333333333333336 4.477011494252873 36 87
1 24.44736842105263 4.880281690140845 38 71
1 27.931818181818183 4.8076923076923075 44 91
1 10.33529411764706 13.709302325581396 85 43
1 13.362068965517242 6.14 58 75
1 6.53030303030303 4.806666666666667 33 75
1 35.5 4.52 46 100
1 14.466666666666667 4.811111111111111 60 90
1 19.984848484848484 4.59375 33 96
1 3.2037037037037037 5.012195121951219 27 82
1 10.036585365853659 4.891304347826087 82 115
1 4.976190476190476 5.309523809523809 21 42
1 58.03846153846154 43.714285714285715 13 14
1 6.2073170731707314 5.58235294117647 82 85
1 4.7 5.101503759398496 65 133
1 26.225806451612904 4.87037037037037 62 135
1 25.888059701492537 4.8061224489795915 67 98
