1 13.6 5.044117647058823 60 136
1 19.754545454545454 5.7727272727272725 55 99
1 45.93333333333333 5.286666666666667 30 75
1 40.07142857142857 5.419354838709677 28 62
1 18.4375 4.922018348623853 48 109
1 2.1164383561643834 5.173913043478261 73 138
1 16.72222222222222 5.028735632183908 45 87
1 2.257575757575758 5.580645161290323 33 62
1 42.5 6.147887323943662 33 71
1 39.74 5.3088235294117645 25 68
1 14.847826086956522 6.519607843137255 23 51
1 22.0625 5.346153846153846 32 78
1 12.434782608695652 5.128205128205129 46 78
1 6.117021276595745 5.287234042553192 47 94
1 12.717391304347826 6.944444444444445 23 36
1 104.42307692307692 48.666666666666664 13 12
1 0.5 5.75 20 68
1 0.703125 5.9576271186440675 64 118
1 12.5375 5.703252032520325 80 123
1 30.847826086956523 5.5777777777777775 46 90
