1 47.706896551724135 5.11 29 100
1 18.227272727272727 5.369047619047619 33 84
1 12.082278481012658 5.896551724137931 79 116
1 39.72727272727273 5.065217391304348 44 92
1 32.476190476190474 5.510309278350515 42 97
1 26.989795918367346 5.406666666666666 49 75
1 20.523809523809526 6.366666666666666 42 60
1 35.225 7.065217391304348 40 46
1 58.166666666666664 4.7560975609756095 27 82
1 32.69444444444444 5.046666666666667 36 75
1 20.733333333333334 5.017241379310345 30 87
1 24.86 6.77906976744186 25 43
1 55.8 51.0 10 10
1 11.5 5.485294117647059 38 68
1 8.720779220779221 7.6440677966101696 77 118
