1 22.670212765957448 4.641843971631205 47 141
1 15.59433962264151 5.319047619047619 53 105
1 28.761904761904763 4.534883720930233 42 86
1 17.96875 4.552631578947368 32 76
1 27.1 4.9361702127659575 35 94
1 6.206521739130435 5.743243243243243 92 111
1 8.743243243243244 4.691489361702128 37 94
1 34.294871794871796 4.625 39 96
1 12.023809523809524 4.5 42 96
1 7.2560975609756095 4.5495049504950495 41 101
1 5.436936936936937 6.052380952380952 111 105
1 28.30952380952381 37.0 21 18
1 2.5338983050847457 4.742424242424242 59 99
1 33.351063829787236 4.981203007518797 47 133
1 25.661290322580644 5.145161290322581 62 93
1 57.706896551724135 3.908450704225352 29 71
