1 26.304347826086957 4.119834710743802 46 121
1 11.10655737704918 4.261904761904762 61 105
1 15.842105263157896 4.534965034965035 76 143
1 38.47674418604651 3.787037037037037 43 108
1 25.850877192982455 4.435779816513762 57 109
1 25.48148148148148 3.60752688172043 54 93
1 32.1551724137931 3.7564102564102564 29 78
1 26.396551724137932 4.072815533980583 58 103
1 25.203125 3.3048780487804876 64 82
1 38.73529411764706 3.671875 34 64
1 29.38372093023256 3.6136363636363638 43 88
1 22.817073170731707 3.363157894736842 41 95
1 6.580645161290323 4.163265306122449 62 98
1 14.38888888888889 3.533333333333333 27 60
1 29.115384615384617 45.166666666666664 13 12
1 2.2111111111111112 3.4157894736842107 45 95
