1 10.054545454545455 4.950617283950617 110 162
1 21.677777777777777 4.004 45 125
1 11.487341772151899 4.2155172413793105 79 116
1 15.6875 4.380281690140845 80 142
1 55.983870967741936 3.376543209876543 31 81
1 25.008196721311474 3.911764705882353 61 102
1 18.056962025316455 7.992537313432836 79 67
1 29.013513513513512 3.9352941176470586 37 85
1 18.892156862745097 4.454545454545454 51 66
1 21.132653061224488 3.950980392156863 49 102
1 21.166666666666668 4.223076923076923 51 65
1 35.07142857142857 4.120689655172414 28 58
1 26.7 3.8375 35 80
1 21.15625 3.4574468085106385 32 94
1 9.428571428571429 3.591743119266055 28 109
1 7.87037037037037 3.55 27 60
1 25.02173913043478 47.68181818181818 23 11
