1 38.63953488372093 6.144444444444445 43 90
1 9.481818181818182 6.730769230769231 55 65
1 14.275 6.41764705882353 40 85
1 30.904761904761905 7.694444444444445 42 72
1 63.94 5.972222222222222 25 72
1 47.642857142857146 7.045454545454546 21 55
1 82.15 7.877777777777778 20 45
1 34.2037037037037 6.544117647058823 54 68
1 45.614285714285714 6.722222222222222 35 63
1 27.290697674418606 6.442857142857143 43 70
1 51.1 9.893939393939394 20 33
1 26.61111111111111 71.78571428571429 9 7
1 65.23333333333333 7.54 15 50
1 10.32716049382716 6.067164179104478 81 134
1 7.738095238095238 5.583333333333333 42 96
1 5.566666666666666 8.23076923076923 45 52
