1 16.02777777777778 5.774193548387097 72 124
1 16.364864864864863 6.396907216494846 74 97
1 6.903846153846154 5.581632653061225 52 98
1 63.13333333333333 5.823943661971831 30 71
1 56.96666666666667 5.269230769230769 30 65
1 24.205882352941178 9.629032258064516 51 62
1 7.7 5.370229007633588 55 131
1 30.475 5.346153846153846 40 78
1 26.208333333333332 5.888888888888889 24 54
1 43.55555555555556 5.531746031746032 36 63
1 39.57692307692308 6.521739130434782 26 46
1 38.984848484848484 5.541095890410959 33 73
1 28.064102564102566 4.993333333333333 39 75
1 16.85 5.345238095238095 40 84
1 49.14705882352941 6.911764705882353 17 34
1 52.27272727272727 41.43333333333333 22 15
1 16.21875 5.921052631578948 32 57
1 9.686440677966102 5.533898305084746 59 118
1 3.0283018867924527 5.134615384615385 53 104
1 17.035211267605632 6.599099099099099 71 111
