1 8.675438596491228 4.874149659863946 114 147
1 17.5 4.723140495867769 40 121
1 24.32051282051282 4.433333333333334 39 90
1 7.916666666666667 4.561728395061729 36 81
1 18.743243243243242 5.354166666666667 37 96
1 1.6948051948051948 4.970588235294118 77 136
1 25.928571428571427 4.540404040404041 42 99
1 2.9126984126984126 4.661616161616162 63 99
1 42.107142857142854 46.96666666666667 28 15
1 18.202380952380953 5.940677966101695 84 118
1 35.0 4.576923076923077 40 104
1 48.1 4.071428571428571 30 70
1 35.9 4.7272727272727275 50 132
