1 8.877358490566039 5.050632911392405 106 158
1 24.710526315789473 4.213114754098361 38 122
1 15.203125 4.122950819672131 64 122
1 21.862068965517242 4.329787234042553 58 141
1 63.36666666666667 3.400990099009901 30 101
1 50.26470588235294 3.4876543209876543 34 81
1 25.716666666666665 4.758426966292135 60 89
1 34.52439024390244 4.566037735849057 41 106
1 29.72222222222222 3.8333333333333335 36 87
1 29.651515151515152 4.242857142857143 33 70
1 16.73728813559322 4.426315789473684 59 95
1 20.208333333333332 5.481481481481482 48 54
1 41.108695652173914 4.161016949152542 23 59
1 19.130434782608695 3.9556962025316458 46 79
1 17.97222222222222 3.627659574468085 36 94
1 9.214285714285714 3.6559633027522938 28 109
1 7.462962962962963 3.913793103448276 27 58
1 55.6764705882353 49.04545454545455 17 11
