1 9.283018867924529 4.768456375838926 106 149
1 20.071428571428573 4.6652892561983474 35 121
1 24.705128205128204 4.411111111111111 39 90
1 9.3125 4.512345679012346 32 81
1 18.03846153846154 5.373684210526315 39 95
1 1.7 5.17175572519084 90 131
1 26.19047619047619 4.52020202020202 42 99
1 3.30327868852459 4.6313131313131315 61 99
1 37.741379310344826 44.1875 29 16
1 19.1 5.621951219512195 80 123
1 34.40243902439025 4.606796116504855 41 103
1 48.3 4.108695652173913 30 69
1 34.78846153846154 4.8 52 130
