1 23.142857142857142 5.4523809523809526 56 126
1 12.14406779661017 4.992424242424242 59 132
1 26.651515151515152 4.545977011494253 33 87
1 8.294117647058824 4.8896103896103895 34 77
1 14.882978723404255 4.821428571428571 47 112
1 0.6159420289855072 4.807142857142857 69 140
1 25.86111111111111 5.365853658536586 36 82
1 3.7941176470588234 4.890804597701149 34 87
1 1.5377358490566038 5.044444444444444 53 90
1 96.38235294117646 48.088235294117645 17 17
1 28.767857142857142 6.13302752293578 56 109
1 31.333333333333332 5.212765957446808 42 94
1 47.37096774193548 4.653846153846154 31 65
1 36.39795918367347 5.366666666666666 49 120
