1 21.642857142857142 5.380341880341881 63 117
1 21.38372093023256 4.833333333333333 43 102
1 0.5 4.053846153846154 18 130
1 11.670212765957446 4.643939393939394 47 132
1 54.24193548387097 4.085106382978723 31 94
1 30.416666666666668 4.2125 36 80
1 26.653846153846153 4.594736842105263 52 95
1 13.426829268292684 11.047169811320755 82 53
1 21.894736842105264 4.412621359223301 38 103
1 13.8 4.675675675675675 30 74
1 53.47142857142857 4.519607843137255 35 102
1 27.884615384615383 4.27 39 100
1 23.194444444444443 6.742424242424242 36 66
1 10.153846153846153 5.097402597402597 26 77
1 12.657894736842104 4.341666666666667 57 120
1 12.928571428571429 4.872093023255814 21 43
1 74.68181818181819 49.833333333333336 11 12
1 17.351063829787233 4.994736842105263 47 95
1 6.948275862068965 5.12015503875969 58 129
1 0.5 4.668224299065421 36 107
1 30.517857142857142 5.367768595041323 56 121
1 33.60909090909091 4.587378640776699 55 103
