1 25.40740740740741 5.016129032258065 54 124
1 13.691176470588236 6.147058823529412 68 85
1 9.788461538461538 4.650375939849624 52 133
1 51.34375 4.313186813186813 32 91
1 34.66129032258065 4.6891891891891895 31 74
1 29.180851063829788 4.851648351648351 47 91
1 11.829545454545455 12.112244897959183 88 49
1 17.071428571428573 4.822916666666667 49 96
1 13.155172413793103 4.618421052631579 29 76
1 55.07575757575758 4.788659793814433 33 97
1 28.256756756756758 4.489583333333333 37 96
1 19.11904761904762 4.888888888888889 42 90
1 9.82 5.25 25 76
1 10.266233766233766 5.116822429906542 77 107
1 12.261904761904763 4.886363636363637 21 44
1 71.77272727272727 49.083333333333336 11 12
1 12.566666666666666 4.53960396039604 60 101
1 6.1911764705882355 4.992424242424242 68 132
1 25.888059701492537 5.050387596899225 67 129
1 31.74137931034483 4.908163265306122 58 98
