1 11.625 5.682539682539683 88 126
1 13.394117647058824 5.877358490566038 85 106
1 4.944444444444445 5.276699029126213 54 103
1 33.59615384615385 5.283783783783784 52 74
1 40.63157894736842 5.338709677419355 38 62
1 14.81081081081081 6.544943820224719 74 89
1 3.5813953488372094 5.642857142857143 86 126
1 24.18888888888889 5.15 45 80
1 22.369565217391305 5.5 23 56
1 39.17391304347826 5.635135135135135 46 74
1 33.88095238095238 5.879310344827586 42 58
1 27.951612903225808 6.681818181818182 31 44
1 31.694444444444443 5.246666666666667 36 75
1 21.941860465116278 5.166666666666667 43 72
1 12.772727272727273 5.3 44 85
1 54.88461538461539 7.948275862068965 13 29
1 71.05555555555556 45.36666666666667 18 15
1 11.772727272727273 5.616666666666666 33 60
1 8.933962264150944 5.818181818181818 53 110
1 0.5149253731343284 5.391089108910891 67 101
1 14.0125 6.436936936936937 80 111
1 40.26086956521739 7.071428571428571 46 70
