1 22.725806451612904 5.365079365079365 62 126
1 11.328125 4.957364341085271 64 129
1 21.15909090909091 4.722222222222222 44 81
1 11.651515151515152 4.538961038961039 33 77
1 11.359375 4.781818181818182 64 110
1 1.95 4.930769230769231 60 130
1 1.3771929824561404 4.625 57 96
1 29.11764705882353 4.935294117647059 34 85
1 6.315789473684211 4.666666666666667 38 84
1 3.46 4.758426966292135 50 89
1 96.1470588235294 46.26470588235294 17 17
1 21.073333333333334 5.95045045045045 75 111
1 28.104166666666668 5.134408602150538 48 93
1 46.61764705882353 4.392307692307693 34 65
1 27.893939393939394 5.073643410852713 66 129
