1 21.634615384615383 4.820610687022901 52 131
1 13.484126984126984 5.271428571428571 63 105
1 0.9285714285714286 8.987804878048781 49 82
1 35.391891891891895 4.523255813953488 37 86
1 23.3 4.648648648648648 30 74
1 31.59090909090909 4.82258064516129 33 93
1 13.043859649122806 6.25 57 96
1 8.364406779661017 4.826086956521739 59 92
1 35.08536585365854 4.666666666666667 41 96
1 12.96938775510204 4.855555555555555 49 90
1 10.646341463414634 4.53 41 100
1 10.54109589041096 5.181034482758621 73 116
1 5.928571428571429 5.269230769230769 49 91
1 0.6 5.492647058823529 70 136
1 35.81818181818182 4.981203007518797 44 133
1 30.839622641509433 5.0638297872340425 53 94
1 46.78947368421053 4.1911764705882355 38 68
