1 29.267441860465116 4.222689075630252 43 119
1 9.232394366197184 4.622448979591836 71 98
1 20.973684210526315 4.811594202898551 57 138
1 43.756410256410255 3.8211009174311927 39 109
1 28.307692307692307 4.738095238095238 52 105
1 27.872549019607842 3.5416666666666665 51 96
1 29.40625 3.9675324675324677 32 77
1 30.89622641509434 4.134615384615385 53 104
1 26.315384615384616 3.2976190476190474 65 84
1 44.33870967741935 3.880952380952381 31 63
1 31.761904761904763 3.9 42 85
1 22.055555555555557 3.478723404255319 45 94
1 6.302816901408451 4.2272727272727275 71 99
1 17.5 3.810344827586207 25 58
1 31.115384615384617 45.916666666666664 13 12
1 3.5 3.553763440860215 44 93
