1 53.15625 6.241573033707865 32 89
1 11.154545454545454 6.116438356164384 55 73
1 11.092592592592593 6.909638554216867 54 83
1 26.596153846153847 6.358823529411764 52 85
1 63.75 6.105633802816901 24 71
1 47.023809523809526 6.896551724137931 21 58
1 70.58695652173913 8.068181818181818 23 44
1 63.266666666666666 6.316901408450704 30 71
1 52.266666666666666 6.0 30 70
1 29.575 6.277777777777778 40 72
1 48.95 9.166666666666666 20 36
1 21.7 63.25 10 8
1 48.35 6.466101694915254 20 59
1 13.084615384615384 5.8120567375886525 65 141
1 8.22972972972973 5.895604395604396 37 91
1 6.03125 7.008196721311475 32 61
