1 20.637254901960784 4.76241134751773 51 141
1 14.201754385964913 5.621212121212121 57 99
1 35.71212121212121 4.523255813953488 33 86
1 15.735294117647058 4.2875 34 80
1 26.1 4.714285714285714 35 98
1 7.794117647058823 5.833333333333333 68 111
1 5.797872340425532 4.702127659574468 47 94
1 35.310810810810814 4.59375 37 96
1 10.3 4.520833333333333 45 96
1 5.7272727272727275 4.5 44 102
1 6.798701298701299 5.415254237288136 77 118
1 31.205882352941178 41.26470588235294 17 17
1 1.4838709677419355 4.529126213592233 62 103
1 22.68840579710145 5.2265625 69 128
1 34.08695652173913 4.785714285714286 46 98
1 56.63793103448276 3.852112676056338 29 71
