1 34.0531914893617 6.382352941176471 47 85
1 13.909090909090908 6.222222222222222 44 72
1 10.390625 6.510526315789473 64 95
1 48.86842105263158 6.526315789473684 38 76
1 23.466101694915253 6.560975609756097 59 82
1 37.84285714285714 6.065217391304348 35 69
1 27.866666666666667 6.246031746031746 30 63
1 73.6 7.223404255319149 20 47
1 39.30434782608695 6.013888888888889 46 72
1 40.11764705882353 5.73943661971831 34 71
1 27.333333333333332 5.918918918918919 36 74
1 35.06521739130435 8.0 23 40
1 26.8 63.625 10 8
1 20.77027027027027 6.827586206896552 37 58
1 10.227272727272727 5.674496644295302 77 149
1 0.9318181818181818 5.395833333333333 44 96
