1 15.154867256637168 4.773255813953488 113 172
1 24.393617021276597 3.87007874015748 47 127
1 11.257575757575758 3.764957264957265 66 117
1 13.5 4.22 90 150
1 44.30555555555556 3.6944444444444446 36 108
1 20.922535211267604 4.623809523809523 71 105
1 35.861111111111114 3.3645833333333335 36 96
1 18.38235294117647 3.6012658227848102 51 79
1 18.97222222222222 3.759259259259259 72 108
1 31.138297872340427 3.2901234567901234 47 81
1 38.21875 3.6746031746031744 32 63
1 31.39189189189189 3.8012048192771086 37 83
1 25.294117647058822 3.3421052631578947 34 95
1 7.8478260869565215 3.9356435643564356 46 101
1 10.629032258064516 3.45 31 60
1 27.115384615384617 42.916666666666664 13 12
1 0.8333333333333334 3.2857142857142856 42 98
