1 15.246031746031745 6.111111111111111 63 108
1 22.444444444444443 6.8924050632911396 54 79
1 3.026315789473684 5.764705882352941 57 102
1 35.36363636363637 5.902777777777778 44 72
1 46.94444444444444 5.661290322580645 27 62
1 26.329268292682926 5.695652173913044 41 92
1 7.976190476190476 5.153846153846154 63 130
1 15.413793103448276 5.695121951219512 58 82
1 8.981481481481481 5.778688524590164 27 61
1 40.39473684210526 5.224137931034483 38 87
1 27.96153846153846 5.166666666666667 39 75
1 14.796296296296296 6.0964912280701755 27 57
1 20.653846153846153 5.538461538461538 39 78
1 16.58888888888889 5.726666666666667 45 75
1 7.288732394366197 7.032467532467533 71 77
1 21.833333333333332 6.944444444444445 21 36
1 57.73529411764706 16.142857142857142 17 14
1 4.091836734693878 6.625 49 64
1 3.9269662921348316 6.519417475728155 89 103
1 0.5816326530612245 5.86734693877551 49 98
1 21.85 5.469230769230769 60 130
1 23.58695652173913 6.313953488372093 69 86
