1 24.936363636363637 5.016129032258065 55 124
1 15.383333333333333 6.463414634146342 60 82
1 8.857142857142858 4.680451127819549 56 133
1 58.5 4.377777777777778 28 90
1 31.470588235294116 4.6891891891891895 34 74
1 27.32 4.862637362637362 50 91
1 11.38888888888889 12.112244897959183 90 49
1 19.857142857142858 4.802083333333333 42 96
1 13.214285714285714 4.644736842105263 28 76
1 56.59375 4.84375 32 96
1 26.628205128205128 4.5 39 96
1 18.88095238095238 4.670212765957447 42 94
1 9.0 5.2894736842105265 26 76
1 10.952054794520548 5.163551401869159 73 107
1 12.071428571428571 4.766666666666667 21 45
1 70.86363636363636 53.59090909090909 11 11
1 13.590909090909092 4.412621359223301 55 103
1 5.936619718309859 5.158914728682171 71 129
1 25.166666666666668 5.145669291338582 69 127
1 35.911764705882355 4.843434343434343 51 99
