1 18.22222222222222 5.931192660550459 54 109
1 23.53846153846154 6.80379746835443 52 79
1 5.886363636363637 5.5285714285714285 44 105
1 51.274193548387096 6.279411764705882 31 68
1 42.564516129032256 5.725806451612903 31 62
1 23.583333333333332 5.829670329670329 48 91
1 10.537037037037036 5.466386554621849 54 119
1 14.361538461538462 5.7592592592592595 65 81
1 13.25 5.778688524590164 24 61
1 39.525 5.394117647058824 40 85
1 38.98275862068966 5.105263157894737 29 76
1 18.18 6.336363636363636 25 55
1 23.04054054054054 5.375 37 80
1 15.480392156862745 5.525974025974026 51 77
1 8.303030303030303 6.416666666666667 66 84
1 27.973684210526315 6.972222222222222 19 36
1 54.029411764705884 15.357142857142858 17 14
1 5.886363636363637 6.220588235294118 44 68
1 4.103960396039604 6.48019801980198 101 101
1 2.3461538461538463 5.341121495327103 52 107
1 23.127118644067796 5.5476190476190474 59 126
1 27.647540983606557 6.174157303370786 61 89
