1 32.223404255319146 5.5236220472440944 47 127
1 27.03846153846154 5.4714285714285715 52 105
1 0.5 6.0 20 68
1 11.038461538461538 5.928571428571429 39 91
1 34.922222222222224 5.768041237113402 45 97
1 13.827272727272728 5.928571428571429 55 112
1 49.775862068965516 5.648648648648648 29 74
1 35.0 6.222222222222222 22 54
1 59.04838709677419 5.514925373134329 31 67
1 50.73076923076923 6.934782608695652 26 46
1 47.21875 5.566666666666666 32 75
1 50.166666666666664 5.444444444444445 27 72
1 27.46875 5.5125 32 80
1 62.0625 7.013513513513513 16 37
1 33.1875 25.166666666666668 16 18
1 28.5 5.956140350877193 25 57
1 10.6875 6.508695652173913 64 115
1 6.963414634146342 5.3316831683168315 41 101
1 3.0185185185185186 5.709677419354839 27 62
1 21.27027027027027 5.688976377952756 74 127
