1 16.543478260869566 5.334586466165414 69 133
1 13.043859649122806 4.964 57 125
1 20.709302325581394 4.683908045977011 43 87
1 5.391304347826087 4.8924050632911396 46 79
1 17.725 4.821428571428571 40 112
1 0.7941176470588235 4.875886524822695 51 141
1 21.369565217391305 5.136363636363637 46 88
1 2.0185185185185186 4.972527472527473 54 91
1 0.5 4.8061224489795915 37 98
1 106.5 57.57142857142857 15 14
1 26.032258064516128 7.355670103092783 62 97
1 28.104166666666668 4.762135922330097 48 103
1 57.02 4.574626865671642 25 67
1 30.44736842105263 4.988188976377953 57 127
