1 8.451219512195122 4.941379310344828 123 145
1 15.944444444444445 5.098290598290598 45 117
1 26.3 4.744186046511628 35 86
1 6.55 4.660493827160494 40 81
1 19.67142857142857 4.781818181818182 35 110
1 1.0675675675675675 4.708333333333333 74 144
1 23.818181818181817 4.897849462365591 44 93
1 2.236842105263158 4.641414141414141 57 99
1 103.03333333333333 52.0 15 14
1 21.569444444444443 4.981481481481482 72 135
1 34.425 4.528301886792453 40 106
1 40.871428571428574 4.297101449275362 35 69
1 23.86986301369863 4.820610687022901 73 131
