1 13.783333333333333 5.232824427480916 60 131
1 17.887096774193548 6.0638297872340425 62 94
1 34.525 5.486301369863014 40 73
1 44.86 5.435483870967742 25 62
1 21.214285714285715 4.985981308411215 42 107
1 2.6029411764705883 5.181159420289855 68 138
1 21.47142857142857 4.938202247191011 35 89
1 2.015151515151515 5.596774193548387 33 62
1 40.042857142857144 6.061643835616438 35 73
1 36.5 5.268115942028985 27 69
1 13.416666666666666 6.598039215686274 24 51
1 20.014285714285716 5.384615384615385 35 78
1 15.131578947368421 5.025 38 80
1 5.214285714285714 5.340425531914893 56 94
1 16.0 6.944444444444445 18 36
1 90.7 37.7 15 15
1 0.5 5.823529411764706 20 68
1 0.7711864406779662 5.588 59 125
1 13.5 5.484375 76 128
1 23.923728813559322 5.521978021978022 59 91
