1 10.353932584269662 4.882716049382716 89 162
1 25.364864864864863 4.213114754098361 37 122
1 18.40566037735849 3.9444444444444446 53 126
1 23.952830188679247 4.22027972027972 53 143
1 63.36666666666667 3.4207920792079207 30 101
1 46.229729729729726 3.55 37 80
1 28.081818181818182 4.7 55 90
1 41.76470588235294 4.363636363636363 34 110
1 32.621212121212125 3.872093023255814 33 86
1 39.18 4.02054794520548 25 73
1 17.137931034482758 4.15 58 100
1 20.26595744680851 4.578125 47 64
1 41.06521739130435 4.258620689655173 23 58
1 18.5 3.9683544303797467 47 79
1 16.973684210526315 3.6382978723404253 38 94
1 9.214285714285714 3.665137614678899 28 109
1 7.425925925925926 3.9310344827586206 27 58
1 87.5909090909091 49.31818181818182 11 11
