1 13.283333333333333 4.561797752808989 120 178
1 23.840425531914892 3.8858267716535435 47 127
1 9.536585365853659 3.7796610169491527 82 118
1 17.934782608695652 4.282312925170068 69 147
1 38.426829268292686 3.675925925925926 41 108
1 25.482758620689655 4.241071428571429 58 112
1 30.573170731707318 3.532258064516129 41 93
1 26.194444444444443 3.789473684210526 36 76
1 23.736363636363638 4.03921568627451 55 102
1 30.391304347826086 3.566666666666667 46 75
1 33.9 3.6587301587301586 35 63
1 30.283783783783782 3.7409638554216866 37 83
1 23.642857142857142 3.2731958762886597 35 97
1 6.277777777777778 3.8398058252427183 54 103
1 9.983870967741936 3.45 31 60
1 25.884615384615383 42.833333333333336 13 12
1 0.5 3.5106382978723403 25 94
