1 10.087628865979381 4.625 97 152
1 24.29310344827586 4.599173553719008 29 121
1 25.08974358974359 4.377777777777778 39 90
1 7.595238095238095 4.525 42 80
1 17.85 5.3936170212765955 40 94
1 1.7019230769230769 5.444 104 125
1 26.476190476190474 4.5 42 99
1 3.73728813559322 4.590909090909091 59 99
1 0.5 4.41588785046729 27 107
1 34.63793103448276 42.088235294117645 29 17
1 20.35333333333333 5.282945736434108 75 129
1 33.857142857142854 4.688118811881188 42 101
1 50.43103448275862 4.094202898550725 29 69
1 33.17272727272727 4.8828125 55 128
