1 31.5 5.795081967213115 55 122
1 33.54545454545455 6.239130434782608 44 92
1 3.235294117647059 5.736111111111111 34 72
1 10.872093023255815 6.548192771084337 43 83
1 46.74324324324324 5.51 37 100
1 14.105633802816902 6.08252427184466 71 103
1 59.96153846153846 6.114285714285714 26 70
1 40.642857142857146 6.518518518518518 21 54
1 56.80769230769231 7.455555555555556 26 45
1 52.53225806451613 5.883561643835616 31 73
1 54.870370370370374 5.771428571428571 27 70
1 32.4 6.414285714285715 30 70
1 62.61764705882353 7.368421052631579 17 38
1 31.807692307692307 27.0 13 10
1 35.54347826086956 6.372727272727273 23 55
1 11.609375 5.797101449275362 64 138
1 7.939024390243903 5.65625 41 96
1 5.685185185185185 6.032258064516129 27 62
1 30.866666666666667 6.222689075630252 60 119
