1 37.233333333333334 6.293103448275862 45 87
1 17.635135135135137 6.302816901408451 37 71
1 9.222222222222221 6.2894736842105265 72 95
1 25.845454545454544 6.585365853658536 55 82
1 37.7972972972973 6.279411764705882 37 68
1 32.464285714285715 6.565573770491803 28 61
1 55.142857142857146 7.521739130434782 28 46
1 38.357142857142854 6.328571428571428 49 70
1 56.0 5.823943661971831 26 71
1 36.1 6.061643835616438 30 73
1 32.94444444444444 8.05 27 40
1 25.9 64.0 10 8
1 28.7 6.290322580645161 30 62
1 15.961538461538462 5.7465753424657535 52 146
1 4.05 5.618279569892473 40 93
