1 12.148 4.461325966850829 125 181
1 22.9375 3.893700787401575 48 127
1 9.258620689655173 3.830508474576271 87 118
1 18.065217391304348 4.388888888888889 69 144
1 65.67241379310344 2.9157303370786516 29 89
1 34.78888888888889 3.705607476635514 45 107
1 25.885964912280702 4.18141592920354 57 113
1 30.675 3.532258064516129 40 93
1 28.681818181818183 3.8333333333333335 33 75
1 23.40740740740741 4.1767676767676765 54 99
1 28.1875 3.6506849315068495 48 73
1 35.10606060606061 3.642857142857143 33 63
1 28.763157894736842 3.768292682926829 38 82
1 22.36111111111111 3.2731958762886597 36 97
1 5.603448275862069 3.8300970873786406 58 103
1 9.8 3.45 30 60
1 25.03846153846154 42.75 13 12
