1 30.61627906976744 4.271186440677966 43 118
1 8.136363636363637 4.878947368421053 77 95
1 14.5125 4.792857142857143 80 140
1 46.39473684210526 4.0046728971962615 38 107
1 20.166666666666668 4.446428571428571 72 112
1 33.895348837209305 4.476190476190476 43 84
1 23.75 4.089743589743589 40 78
1 24.08108108108108 3.9454545454545453 74 110
1 41.84090909090909 3.8375 44 80
1 57.34 4.637931034482759 25 58
1 29.112244897959183 4.0 49 86
1 31.352941176470587 3.837078651685393 34 89
1 11.406976744186046 4.438775510204081 43 98
1 15.96875 4.444444444444445 32 54
1 35.5 46.5 13 12
1 5.939024390243903 3.9767441860465116 41 86
1 3.7253521126760565 15.903225806451612 71 62
