1 15.36111111111111 4.651515151515151 72 132
1 14.96 4.5636363636363635 50 110
1 12.270833333333334 4.324817518248175 48 137
1 33.94897959183673 3.51 49 100
1 29.87142857142857 3.8333333333333335 35 81
1 32.353658536585364 4.086538461538462 41 104
1 15.0 9.09375 76 64
1 20.694444444444443 4.267676767676767 36 99
1 9.585714285714285 3.8703703703703702 35 81
1 33.74528301886792 3.990740740740741 53 108
1 24.544444444444444 3.795238095238095 45 105
1 18.1046511627907 4.075757575757576 43 99
1 3.7903225806451615 4.302469135802469 31 81
1 5.395522388059701 3.93801652892562 67 121
1 7.5476190476190474 3.438775510204082 21 49
1 47.63333333333333 46.92857142857143 15 14
1 12.916666666666666 4.222222222222222 60 108
1 0.9929577464788732 4.394039735099338 71 151
1 18.4873417721519 5.196 79 125
1 28.533333333333335 4.119469026548672 60 113
