1 10.28125 4.631578947368421 96 152
1 21.651515151515152 4.891304347826087 33 115
1 25.55128205128205 4.366666666666666 39 90
1 8.45 4.5 40 80
1 18.78205128205128 5.091836734693878 39 98
1 1.9017857142857142 5.607438016528926 112 121
1 26.904761904761905 4.5 42 99
1 4.219298245614035 4.52 57 100
1 0.9117647058823529 4.462264150943396 34 106
1 33.224137931034484 42.85294117647059 29 17
1 21.26388888888889 5.275193798449612 72 129
1 34.214285714285715 4.678217821782178 42 101
1 47.725806451612904 4.065217391304348 31 69
1 33.53636363636364 4.875 55 128
