1 16.37323943661972 6.203703703703703 71 108
1 13.453125 4.901785714285714 64 112
1 6.5 10.865384615384615 40 52
1 30.122222222222224 4.331325301204819 45 83
1 32.9375 4.194444444444445 32 72
1 18.5 5.14 52 100
1 14.38888888888889 5.009433962264151 45 106
1 16.158536585365855 4.335164835164835 41 91
1 10.538461538461538 4.302816901408451 26 71
1 37.68421052631579 4.761904761904762 38 84
1 28.166666666666668 4.305194805194805 33 77
1 4.544444444444444 5.2384615384615385 45 65
1 19.470588235294116 5.9 34 65
1 17.266666666666666 4.4411764705882355 30 85
1 3.388888888888889 5.212962962962963 81 108
1 19.9 5.166666666666667 20 36
1 74.54761904761905 40.088235294117645 21 17
1 0.7 4.788888888888889 45 90
1 1.2346938775510203 4.775590551181103 98 127
1 0.5 4.96 23 100
1 14.717821782178218 5.7342342342342345 101 111
1 22.97142857142857 4.806930693069307 70 101
