1 33.229166666666664 5.727642276422764 48 123
1 26.172727272727272 5.567961165048544 55 103
1 1.1666666666666667 5.736111111111111 33 72
1 11.075 6.267441860465116 40 86
1 39.91463414634146 5.889473684210526 41 95
1 14.03225806451613 5.967889908256881 62 109
1 51.36206896551724 6.0285714285714285 29 70
1 38.11904761904762 6.481132075471698 21 53
1 57.40909090909091 5.742424242424242 33 66
1 55.3 7.233333333333333 25 45
1 50.20967741935484 5.5131578947368425 31 76
1 50.25 5.513888888888889 28 72
1 29.596774193548388 5.425925925925926 31 81
1 64.0 7.22972972972973 16 37
1 36.34615384615385 26.807692307692307 13 13
1 32.71739130434783 6.107142857142857 23 56
1 9.527027027027026 5.632352941176471 74 136
1 8.175675675675675 5.582474226804123 37 97
1 4.153846153846154 5.82258064516129 26 62
1 21.272151898734176 5.671875 79 128
