1 8.236 4.824324324324325 125 148
1 19.694444444444443 5.112068965517241 36 116
1 26.414285714285715 4.732558139534884 35 86
1 6.973684210526316 4.560975609756097 38 82
1 20.147058823529413 4.920560747663552 34 107
1 0.9545454545454546 4.729166666666667 88 144
1 20.65686274509804 4.840425531914893 51 94
1 2.3596491228070176 4.661616161616162 57 99
1 102.83333333333333 52.5 15 14
1 18.416666666666668 5.202290076335878 84 131
1 34.5 4.509433962264151 40 106
1 42.05882352941177 4.214285714285714 34 70
1 22.371794871794872 4.820610687022901 78 131
