1 13.887096774193548 5.492307692307692 62 130
1 15.105633802816902 5.666666666666667 71 108
1 1.4107142857142858 5.283018867924528 56 106
1 34.848837209302324 5.359154929577465 43 71
1 36.52857142857143 5.954545454545454 35 55
1 18.8 5.421568627450981 50 102
1 2.621212121212121 5.476923076923077 66 130
1 18.606382978723403 4.845238095238095 47 84
1 11.458333333333334 5.296610169491525 24 59
1 34.36666666666667 5.638888888888889 45 72
1 30.346153846153847 5.109375 39 64
1 21.071428571428573 6.840909090909091 28 44
1 21.5 5.556338028169014 41 71
1 17.96153846153846 5.316901408450704 39 71
1 7.6020408163265305 5.362068965517241 49 87
1 33.785714285714285 6.863636363636363 14 33
1 109.25 53.04545454545455 12 11
1 3.738095238095238 5.3307692307692305 42 65
1 3.7615384615384615 6.233333333333333 65 105
1 11.735294117647058 6.084070796460177 85 113
1 44.25 6.582191780821918 36 73
