1 30.0 4.9 42 125
1 17.479591836734695 8.5625 49 64
1 5.838709677419355 4.791044776119403 62 134
1 40.36486486486486 4.477011494252873 37 87
1 24.57894736842105 4.880281690140845 38 71
1 28.686046511627907 4.8076923076923075 43 91
1 10.166666666666666 13.732558139534884 87 43
1 13.194915254237289 6.065789473684211 59 76
1 6.712121212121212 4.806666666666667 33 75
1 35.65217391304348 4.53 46 100
1 14.805084745762711 4.684782608695652 59 92
1 20.136363636363637 4.59375 33 96
1 3.462962962962963 5.080246913580247 27 81
1 10.2875 4.93859649122807 80 114
1 5.045454545454546 5.309523809523809 22 42
1 58.03846153846154 43.642857142857146 13 14
1 6.45 5.58235294117647 80 85
1 4.792307692307692 5.093984962406015 65 133
1 26.71311475409836 4.87037037037037 61 135
1 26.333333333333332 4.816326530612245 66 98
