1 49.0 5.405263157894737 28 95
1 17.62121212121212 5.129213483146067 33 89
1 12.364197530864198 5.548387096774194 81 124
1 38.78888888888889 4.663265306122449 45 98
1 38.083333333333336 5.163366336633663 36 101
1 40.803030303030305 5.3933333333333335 33 75
1 23.263157894736842 6.183333333333334 38 60
1 70.55 5.745283018867925 20 53
1 51.46666666666667 4.5 30 84
1 36.15625 4.785714285714286 32 77
1 14.5 10.904761904761905 40 42
1 24.1 6.233333333333333 25 45
1 54.8 53.1 10 10
1 10.210526315789474 5.257142857142857 38 70
1 8.393333333333333 8.776190476190477 75 105
