1 10.31132075471698 6.385714285714286 106 105
1 14.125 4.881818181818182 64 110
1 0.5 4.33 46 100
1 8.454545454545455 4.87037037037037 44 108
1 36.55 4.288235294117647 40 85
1 36.75 4.371428571428571 32 70
1 17.763157894736842 5.094059405940594 57 101
1 13.481481481481481 5.387755102040816 54 98
1 21.47222222222222 4.231182795698925 36 93
1 11.676470588235293 4.730769230769231 34 65
1 33.855555555555554 4.909638554216867 45 83
1 29.11111111111111 4.170886075949367 36 79
1 12.94 5.115384615384615 25 65
1 18.304878048780488 4.715189873417722 41 79
1 17.5 4.382352941176471 36 85
1 4.890243902439025 7.881578947368421 82 76
1 33.9 4.9324324324324325 15 37
1 71.45238095238095 34.41304347826087 21 23
1 2.9285714285714284 5.0058823529411764 42 85
1 3.2439024390243905 4.637096774193548 82 124
1 1.7 4.969387755102041 60 98
1 19.77027027027027 5.790909090909091 74 110
1 23.8 5.349462365591398 70 93
