1 13.375 5.4465648854961835 64 131
1 15.314285714285715 5.696261682242991 70 107
1 1.2592592592592593 5.366666666666666 54 105
1 41.083333333333336 5.442857142857143 36 70
1 37.14705882352941 5.857142857142857 34 56
1 18.64 5.411764705882353 50 102
1 2.426470588235294 5.59375 68 128
1 19.144444444444446 4.805882352941176 45 85
1 10.26 5.330508474576271 25 59
1 34.86363636363637 5.652777777777778 44 72
1 30.710526315789473 5.140625 38 64
1 21.055555555555557 6.722222222222222 27 45
1 22.789473684210527 5.685714285714286 38 70
1 18.05263157894737 5.263888888888889 38 72
1 7.357142857142857 5.318181818181818 49 88
1 32.57142857142857 6.924242424242424 14 33
1 109.66666666666667 52.77272727272727 12 11
1 3.525 5.287878787878788 40 66
1 3.3636363636363638 6.271428571428571 66 105
1 12.4 6.092920353982301 80 113
1 41.1578947368421 6.17948717948718 38 78
