1 13.96875 5.582644628099174 64 121
1 17.924242424242426 6.932098765432099 66 81
1 0.5 6.382978723404255 23 94
1 30.666666666666668 6.181159420289855 48 69
1 37.66129032258065 5.766666666666667 31 60
1 25.5 6.3023255813953485 38 86
1 3.6222222222222222 5.2819548872180455 90 133
1 16.459183673469386 5.5 49 84
1 3.0483870967741935 5.709677419354839 31 62
1 37.8421052631579 5.14367816091954 38 87
1 27.31081081081081 5.6911764705882355 37 68
1 11.423076923076923 5.913793103448276 26 58
1 21.681818181818183 5.436708860759493 33 79
1 14.455555555555556 6.035211267605634 45 71
1 6.306451612903226 5.803370786516854 62 89
1 21.566666666666666 7.0 15 36
1 62.55555555555556 19.264705882352942 18 17
1 1.2608695652173914 5.666666666666667 46 72
1 1.6442307692307692 6.868932038834951 104 103
1 17.649253731343283 5.515267175572519 67 131
1 36.23170731707317 5.354166666666667 41 96
