1 19.838983050847457 5.253731343283582 59 134
1 15.354166666666666 5.068 48 125
1 23.95945945945946 4.544943820224719 37 89
1 8.821428571428571 4.9743589743589745 28 78
1 16.857142857142858 5.013761467889908 42 109
1 0.5441176470588235 4.897163120567376 68 141
1 25.36842105263158 5.166666666666667 38 87
1 2.130434782608696 5.2011494252873565 46 87
1 0.5816326530612245 5.0212765957446805 49 94
1 107.56666666666666 59.42857142857143 15 14
1 28.086206896551722 9.360759493670885 58 79
1 34.42307692307692 4.752427184466019 39 103
1 56.94 4.776923076923077 25 65
1 31.053571428571427 4.87984496124031 56 129
