1 18.736363636363638 5.1923076923076925 55 117
1 28.71951219512195 6.4125 41 80
1 0.9418604651162791 5.229411764705882 43 85
1 13.426829268292684 7.897260273972603 41 73
1 41.675 5.030864197530864 40 81
1 41.642857142857146 5.453125 35 64
1 20.364406779661017 5.650537634408602 59 93
1 22.928571428571427 5.194444444444445 35 108
1 23.136363636363637 4.933333333333334 44 90
1 23.958333333333332 5.419354838709677 24 62
1 57.333333333333336 5.109195402298851 30 87
1 50.66 4.921052631578948 25 76
1 18.176470588235293 6.318181818181818 34 55
1 20.861702127659573 5.1625 47 80
1 17.029411764705884 4.939024390243903 51 82
1 11.543478260869565 5.068627450980392 46 102
1 38.76315789473684 6.557142857142857 19 35
1 30.605263157894736 25.3 19 20
1 8.3 5.1419753086419755 45 81
1 12.386363636363637 6.670454545454546 44 88
1 16.966666666666665 9.206896551724139 30 58
1 24.906779661016948 5.630434782608695 59 115
1 32.06363636363636 5.052380952380952 55 105
