1 12.701923076923077 5.135658914728682 104 129
1 11.041666666666666 5.0 72 118
1 24.966666666666665 4.602564102564102 45 78
1 21.0 4.267123287671233 36 73
1 17.9468085106383 4.839622641509434 47 106
1 8.581632653061224 4.912280701754386 49 114
1 10.605263157894736 4.25531914893617 38 94
1 28.904761904761905 4.557471264367816 42 87
1 14.546511627906977 4.360759493670886 43 79
1 10.181818181818182 4.5843373493975905 44 83
1 4.7 4.346153846153846 50 91
1 4.5476190476190474 4.5 21 42
1 92.0 47.5 18 17
1 20.82894736842105 6.160377358490566 76 106
1 22.111940298507463 4.916666666666667 67 96
