1 32.776595744680854 5.571428571428571 47 126
1 26.745283018867923 5.528846153846154 53 104
1 0.7916666666666666 5.8428571428571425 24 70
1 10.875 6.061797752808989 40 89
1 36.20454545454545 5.833333333333333 44 96
1 13.973684210526315 5.941441441441442 57 111
1 50.293103448275865 5.7465753424657535 29 73
1 35.45454545454545 6.386792452830188 22 53
1 57.875 5.651515151515151 32 66
1 53.58 6.978260869565218 25 46
1 49.20967741935484 5.58 31 75
1 50.7962962962963 5.472222222222222 27 72
1 27.875 5.425925925925926 32 81
1 62.6875 7.094594594594595 16 37
1 34.1 26.125 15 16
1 30.25 6.089285714285714 24 56
1 10.305970149253731 6.180327868852459 67 122
1 7.275 5.39 40 100
1 3.3518518518518516 5.741935483870968 27 62
1 21.46 5.6484375 75 128
