1 33.90816326530612 5.9 49 120
1 31.0531914893617 5.93298969072165 47 97
1 2.28125 5.942857142857143 32 70
1 12.0 6.2011494252873565 38 87
1 44.39473684210526 5.737113402061856 38 97
1 11.943037974683545 6.056603773584905 79 106
1 52.63793103448276 5.992957746478873 29 71
1 37.63636363636363 6.444444444444445 22 54
1 55.07692307692308 7.195652173913044 26 46
1 48.25757575757576 5.605263157894737 33 76
1 51.67857142857143 5.742857142857143 28 70
1 29.5625 6.1438356164383565 32 73
1 58.111111111111114 7.445945945945946 18 37
1 33.88461538461539 27.318181818181817 13 11
1 35.72727272727273 6.318181818181818 22 55
1 11.115384615384615 5.951127819548872 65 133
1 7.695121951219512 5.520408163265306 41 98
1 4.714285714285714 5.833333333333333 28 63
1 25.514492753623188 5.809523809523809 69 126
