1 40.77272727272727 4.733644859813084 33 107
1 12.522222222222222 4.973118279569892 45 93
1 14.0 4.881294964028777 76 139
1 54.8125 4.391089108910891 32 101
1 29.869565217391305 4.783018867924528 46 106
1 26.31132075471698 4.7317073170731705 53 82
1 22.20731707317073 5.201492537313433 41 67
1 57.65151515151515 4.601010101010101 33 99
1 82.93478260869566 4.818840579710145 23 69
1 50.714285714285715 5.107142857142857 28 56
1 43.88235294117647 4.333333333333333 34 84
1 31.67142857142857 4.259036144578313 35 83
1 14.722222222222221 4.574468085106383 36 94
1 23.125 5.255102040816326 24 49
1 45.86363636363637 49.5 11 11
1 7.430232558139535 4.4113924050632916 43 79
1 7.684615384615385 10.488888888888889 65 90
