1 22.051020408163264 4.694244604316546 49 139
1 13.15625 5.3 64 105
1 28.75581395348837 4.546511627906977 43 86
1 17.414285714285715 4.552631578947368 35 76
1 30.40625 4.75 32 96
1 11.572727272727272 6.4393939393939394 55 99
1 9.2 4.779569892473118 40 93
1 37.97222222222222 4.635416666666667 36 96
1 12.857142857142858 4.510416666666667 42 96
1 8.207317073170731 4.53960396039604 41 101
1 7.604651162790698 6.131067961165049 86 103
1 30.166666666666668 38.6764705882353 21 17
1 3.481818181818182 4.881443298969073 55 97
1 24.928571428571427 5.138461538461539 63 130
1 27.655172413793103 5.155913978494624 58 93
1 58.672413793103445 4.065217391304348 29 69
