1 25.34313725490196 5.166666666666667 51 120
1 14.583333333333334 8.928571428571429 60 63
1 6.375 5.0 64 128
1 33.98888888888889 4.333333333333333 45 90
1 23.76829268292683 4.847222222222222 41 72
1 32.65384615384615 4.851648351648351 39 91
1 9.604166666666666 13.94186046511628 96 43
1 12.5 5.596385542168675 64 83
1 9.293103448275861 4.78 29 75
1 39.19767441860465 4.663265306122449 43 98
1 17.692307692307693 4.163366336633663 52 101
1 21.348484848484848 4.604166666666667 33 96
1 5.203703703703703 5.318181818181818 27 77
1 11.54225352112676 5.058558558558558 71 111
1 6.26 5.333333333333333 25 42
1 58.19230769230769 43.214285714285715 13 14
1 8.875 5.2444444444444445 64 90
1 5.376923076923077 5.048872180451128 65 133
1 30.703703703703702 5.019083969465649 54 131
1 29.95762711864407 4.577669902912621 59 103
