1 42.6578947368421 6.5 38 85
1 11.41891891891892 6.515384615384615 37 65
1 13.71951219512195 6.391566265060241 41 83
1 29.523809523809526 8.108695652173912 42 69
1 56.672413793103445 5.828767123287672 29 73
1 39.74 6.790909090909091 25 55
1 74.68181818181819 8.524390243902438 22 41
1 46.01282051282051 6.890625 39 64
1 55.39655172413793 6.983333333333333 29 60
1 41.907407407407405 6.649253731343284 27 67
1 62.73529411764706 8.871428571428572 17 35
1 27.944444444444443 59.0 9 8
1 46.07142857142857 7.840425531914893 21 47
1 15.407407407407407 5.744604316546763 54 139
1 7.318181818181818 5.702127659574468 44 94
1 7.954545454545454 7.572727272727272 33 55
