1 30.63953488372093 4.271186440677966 43 118
1 8.313333333333333 4.9361702127659575 75 94
1 14.833333333333334 4.838129496402877 78 139
1 46.36842105263158 3.985981308411215 38 107
1 20.7 4.490990990990991 70 111
1 33.09090909090909 4.476190476190476 44 84
1 24.32051282051282 4.102564102564102 39 78
1 25.133802816901408 3.9954128440366974 71 109
1 41.88636363636363 3.8375 44 80
1 55.11538461538461 4.637931034482759 26 58
1 30.393617021276597 4.0 47 86
1 31.38235294117647 3.837078651685393 34 89
1 11.939024390243903 4.648936170212766 41 94
1 16.5 4.444444444444445 31 54
1 35.57692307692308 46.416666666666664 13 12
1 5.987804878048781 3.9767441860465116 41 86
1 3.842857142857143 15.903225806451612 70 62
