1 20.6 5.683333333333334 70 120
1 14.122641509433961 5.131147540983607 53 122
1 21.455555555555556 4.575 45 80
1 16.362068965517242 4.5 29 74
1 15.458333333333334 4.662162162162162 48 111
1 3.8333333333333335 5.203389830508475 51 118
1 2.881818181818182 4.478947368421053 55 95
1 23.144444444444446 4.6022727272727275 45 88
1 8.19047619047619 4.380952380952381 42 84
1 5.287234042553192 4.444444444444445 47 90
1 95.26470588235294 46.55882352941177 17 17
1 24.53076923076923 6.041284403669724 65 109
1 23.637931034482758 4.910526315789474 58 95
1 46.916666666666664 4.151515151515151 36 66
1 26.345070422535212 4.966666666666667 71 135
