1 17.41780821917808 4.8046875 73 128
1 14.415254237288135 4.803921568627451 59 102
1 9.551724137931034 4.529850746268656 58 134
1 48.042857142857144 3.8854166666666665 35 96
1 25.290697674418606 4.158227848101266 43 79
1 23.161016949152543 4.3 59 100
1 15.22972972972973 10.718181818181819 74 55
1 21.473684210526315 4.088785046728972 38 107
1 11.3 4.243589743589744 35 78
1 32.10344827586207 4.336538461538462 58 104
1 34.78125 4.133663366336633 32 101
1 20.01219512195122 7.640350877192983 41 57
1 7.080645161290323 4.611111111111111 31 81
1 8.152173913043478 4.545045045045045 69 111
1 14.4375 4.2555555555555555 16 45
1 55.285714285714285 52.083333333333336 14 12
1 17.316326530612244 4.5576923076923075 49 104
1 3.6315789473684212 4.664285714285715 76 140
1 22.753521126760564 5.237704918032787 71 122
1 29.4672131147541 4.567961165048544 61 103
