1 23.52 5.55607476635514 50 107
1 24.642857142857142 5.631868131868132 42 91
1 8.277777777777779 4.875 45 96
1 19.576923076923077 5.191588785046729 52 107
1 37.88297872340426 4.7439024390243905 47 82
1 42.233333333333334 5.253846153846154 30 65
1 55.46296296296296 4.9021739130434785 27 92
1 24.412280701754387 9.741379310344827 57 58
1 40.98 4.9523809523809526 25 84
1 25.5 5.296875 29 64
1 50.25 5.193181818181818 36 88
1 29.27777777777778 5.024390243902439 45 82
1 11.5 4.702247191011236 31 89
1 26.825 5.4743589743589745 40 78
1 20.178571428571427 5.674603174603175 28 63
1 12.989795918367347 5.170329670329671 49 91
1 38.3125 5.884615384615385 16 39
1 59.71052631578947 46.07142857142857 19 14
1 22.818181818181817 5.210843373493976 44 83
1 11.158536585365853 5.021367521367521 41 117
1 5.0813953488372094 5.0353535353535355 43 99
1 27.172727272727272 5.743478260869566 55 115
1 27.896825396825395 5.21875 63 96
