1 19.266666666666666 5.268656716417911 60 134
1 14.480392156862745 5.02 51 125
1 21.695121951219512 4.6022727272727275 41 88
1 8.2 4.8924050632911396 30 79
1 17.725 4.9363636363636365 40 110
1 0.5735294117647058 4.897163120567376 68 141
1 23.71951219512195 5.17816091954023 41 87
1 2.0098039215686274 5.084269662921348 51 89
1 0.5 4.860824742268041 47 97
1 107.16666666666667 58.785714285714285 15 14
1 27.033333333333335 8.594117647058823 60 85
1 31.313953488372093 4.762135922330097 43 103
1 59.333333333333336 4.7615384615384615 24 65
1 32.166666666666664 4.9375 54 128
