1 10.540322580645162 4.65606936416185 124 173
1 22.01063829787234 4.008064516129032 47 124
1 10.331325301204819 3.936974789915966 83 119
1 16.513157894736842 4.2482993197278915 76 147
1 37.833333333333336 3.302469135802469 48 81
1 42.861111111111114 3.611111111111111 36 108
1 20.8 5.381720430107527 70 93
1 24.67391304347826 3.6555555555555554 46 90
1 22.666666666666668 4.085714285714285 42 70
1 17.392307692307693 4.183673469387755 65 98
1 19.827868852459016 3.711267605633803 61 71
1 35.46666666666667 3.8666666666666667 30 60
1 31.5 3.6566265060240966 32 83
1 18.78205128205128 3.4361702127659575 39 94
1 5.481132075471698 3.8529411764705883 53 102
1 9.12962962962963 3.45 27 60
1 18.833333333333332 43.833333333333336 18 12
