1 13.55 5.2218045112781954 60 133
1 19.107142857142858 5.717821782178218 56 101
1 40.5 5.337837837837838 34 74
1 35.40625 5.387096774193548 32 62
1 17.0 5.0 52 108
1 1.6428571428571428 5.343283582089552 84 134
1 17.686046511627907 5.190476190476191 43 84
1 2.9193548387096775 5.631147540983607 31 61
1 39.138888888888886 5.618421052631579 36 76
1 39.07692307692308 5.515384615384615 26 65
1 15.291666666666666 6.58 24 50
1 21.323529411764707 5.37012987012987 34 77
1 13.430232558139535 5.089743589743589 43 78
1 5.519230769230769 5.3478260869565215 52 92
1 20.5 7.128571428571429 15 35
1 96.35714285714286 45.96153846153846 14 13
1 0.5 5.485714285714286 32 70
1 0.6842105263157895 6.328828828828829 76 111
1 13.166666666666666 5.9491525423728815 75 118
1 32.54545454545455 5.612359550561798 44 89
