1 54.02 4.833333333333333 25 105
1 12.455555555555556 5.166666666666667 45 90
1 13.577922077922079 4.866906474820144 77 139
1 56.5 4.53030303030303 31 99
1 29.24468085106383 4.742990654205608 47 107
1 27.54 4.925 50 80
1 21.5 5.484615384615385 42 65
1 44.34375 5.444444444444445 32 54
1 48.596774193548384 4.369047619047619 31 84
1 31.166666666666668 4.307228915662651 36 83
1 12.569767441860465 4.752747252747253 43 91
1 24.67391304347826 5.22 23 50
1 51.9 54.4 10 10
1 9.333333333333334 4.35 36 80
1 7.625 10.488888888888889 72 90
