1 13.53225806451613 5.428571428571429 62 126
1 17.106060606060606 6.398876404494382 66 89
1 38.77777777777778 5.527397260273973 36 73
1 66.26470588235294 5.467741935483871 17 62
1 22.625 5.115384615384615 40 104
1 3.0846153846153848 5.2153284671532845 65 137
1 24.370967741935484 4.98314606741573 31 89
1 2.0483870967741935 5.629032258064516 31 62
1 38.97222222222222 5.894736842105263 36 76
1 35.07142857142857 5.242857142857143 28 70
1 12.3 6.6568627450980395 25 51
1 19.9 5.2625 35 80
1 18.1875 4.993827160493828 32 81
1 4.801587301587301 5.372340425531915 63 94
1 17.9375 6.972222222222222 16 36
1 66.2 26.92105263157895 20 19
1 0.5 5.77536231884058 24 69
1 0.85 5.4453125 60 128
1 15.282608695652174 5.423076923076923 69 130
1 20.720588235294116 5.413978494623656 68 93
