1 19.860655737704917 4.936507936507937 61 126
1 13.991803278688524 5.818681318681318 61 91
1 4.918181818181818 4.718978102189781 55 137
1 39.666666666666664 4.454022988505747 36 87
1 22.63157894736842 4.838028169014085 38 71
1 35.53030303030303 4.672043010752688 33 93
1 9.805882352941177 14.768292682926829 85 41
1 12.552631578947368 6.485915492957746 57 71
1 3.875 4.563291139240507 32 79
1 47.74242424242424 4.697916666666667 33 96
1 14.944444444444445 5.069767441860465 54 86
1 17.014285714285716 4.635416666666667 35 96
1 0.5434782608695652 5.4480519480519485 23 77
1 10.772727272727273 5.2889908256880735 77 109
1 1.3095238095238095 5.285714285714286 21 42
1 59.42307692307692 44.5 13 14
1 10.621951219512194 5.211111111111111 41 90
1 3.703125 5.0 64 138
1 19.246987951807228 4.9 83 135
1 39.5 5.3 43 90
