1 23.048387096774192 5.1461538461538465 62 130
1 15.051020408163266 5.076 49 125
1 27.071428571428573 4.611111111111111 35 81
1 9.344444444444445 4.422077922077922 45 77
1 11.658730158730158 4.842592592592593 63 108
1 2.3833333333333333 5.080645161290323 60 124
1 3.257575757575758 4.510416666666667 33 96
1 26.63157894736842 4.7298850574712645 38 87
1 5.968085106382978 4.658536585365853 47 82
1 6.136363636363637 4.775862068965517 33 87
1 95.8529411764706 45.911764705882355 17 17
1 23.264705882352942 6.077981651376147 68 109
1 27.76530612244898 4.921052631578948 49 95
1 56.12068965517241 4.2846153846153845 29 65
1 24.726666666666667 4.943609022556391 75 133
