1 38.26923076923077 5.416666666666667 39 96
1 9.872881355932204 6.909090909090909 59 66
1 9.75 6.919354838709677 72 93
1 33.424528301886795 6.025 53 80
1 26.284313725490197 6.75 51 80
1 36.73529411764706 6.453846153846154 34 65
1 20.66216216216216 6.23015873015873 37 63
1 42.196969696969695 6.958333333333333 33 48
1 42.35 6.02112676056338 40 71
1 40.693548387096776 5.683098591549296 31 71
1 29.785714285714285 5.776315789473684 28 76
1 38.72222222222222 7.5 18 42
1 31.5 62.25 12 8
1 17.41891891891892 6.822033898305085 37 59
1 7.150485436893204 6.152482269503546 103 141
