1 8.10344827586207 4.436416184971098 116 173
1 28.28787878787879 4.213114754098361 33 122
1 19.68 3.6954887218045114 50 133
1 29.045454545454547 4.206293706293707 44 143
1 63.43333333333333 3.4603960396039604 30 101
1 57.36666666666667 3.5123456790123457 30 81
1 32.208333333333336 5.246987951807229 48 83
1 34.96341463414634 4.157894736842105 41 114
1 39.32142857142857 3.895348837209302 28 86
1 44.86363636363637 3.94 22 75
1 31.375 4.014563106796117 32 103
1 35.166666666666664 3.7533333333333334 27 75
1 41.06521739130435 4.394736842105263 23 57
1 17.882978723404257 3.8875 47 80
1 16.73076923076923 3.626315789473684 39 95
1 9.25 3.68348623853211 28 109
1 7.769230769230769 3.9827586206896552 26 58
1 80.25 49.5 12 11
