1 27.055555555555557 4.119834710743802 45 121
1 9.794117647058824 4.52 68 100
1 17.185714285714287 4.5 70 144
1 37.79545454545455 3.738532110091743 44 109
1 26.285714285714285 4.5 56 108
1 26.10377358490566 3.5638297872340425 53 94
1 34.53703703703704 3.782051282051282 27 78
1 28.685185185185187 4.137254901960785 54 102
1 25.453125 3.317073170731707 64 82
1 39.029411764705884 3.7698412698412698 34 63
1 29.662790697674417 3.6724137931034484 43 87
1 21.96511627906977 3.373684210526316 43 95
1 6.1716417910447765 4.231958762886598 67 97
1 14.648148148148149 3.533333333333333 27 60
1 29.346153846153847 45.333333333333336 13 12
1 2.3260869565217392 3.4263157894736844 46 95
