1 14.253246753246753 5.868852459016393 77 122
1 14.6875 6.193069306930693 80 101
1 6.622448979591836 5.276699029126213 49 103
1 41.70454545454545 5.175324675324675 44 77
1 46.785714285714285 5.296875 35 64
1 16.86231884057971 7.2073170731707314 69 82
1 6.25 5.223880597014926 60 134
1 26.386363636363637 5.284810126582278 44 79
1 24.375 5.553571428571429 24 56
1 37.65 5.548387096774194 40 62
1 34.285714285714285 6.611111111111111 28 45
1 35.01428571428571 5.14935064935065 35 77
1 27.87837837837838 5.288732394366197 37 71
1 14.593023255813954 5.598765432098766 43 81
1 56.214285714285715 8.155172413793103 14 29
1 64.39473684210526 42.9 19 15
1 15.016129032258064 5.844827586206897 31 58
1 8.827868852459016 5.721238938053097 61 113
1 2.1481481481481484 4.907407407407407 54 108
1 15.227272727272727 6.342105263157895 77 114
