1 8.18421052631579 4.425287356321839 114 174
1 26.02777777777778 4.213114754098361 36 122
1 19.186274509803923 3.8671875 51 128
1 27.717391304347824 4.1482758620689655 46 145
1 63.36666666666667 3.4405940594059405 30 101
1 42.775 3.5625 40 80
1 32.208333333333336 5.0 48 86
1 36.57692307692308 4.199115044247788 39 113
1 25.857142857142858 3.895348837209302 42 86
1 44.68181818181818 3.9864864864864864 22 74
1 23.904761904761905 4.0588235294117645 42 102
1 26.444444444444443 4.057142857142857 36 70
1 41.06521739130435 4.359649122807017 23 57
1 17.56122448979592 3.981012658227848 49 79
1 16.175 3.6382978723404253 40 94
1 9.25 3.6743119266055047 28 109
1 7.5 3.9482758620689653 27 58
1 80.25 49.40909090909091 12 11
