1 20.729508196721312 5.452755905511811 61 127
1 12.482758620689655 4.946969696969697 58 132
1 25.823529411764707 4.591954022988506 34 87
1 6.290697674418604 4.98051948051948 43 77
1 13.557692307692308 4.7368421052631575 52 114
1 0.6458333333333334 4.835714285714285 48 140
1 26.557142857142857 5.6645569620253164 35 79
1 2.5681818181818183 5.017241379310345 44 87
1 1.6842105263157894 4.978260869565218 38 92
1 96.38235294117646 48.44117647058823 17 17
1 23.58695652173913 5.7844827586206895 69 116
1 29.954545454545453 5.544444444444444 44 90
1 41.32857142857143 4.912698412698413 35 63
1 26.727272727272727 5.639130434782609 66 115
