1 18.72222222222222 5.098360655737705 72 122
1 22.182926829268293 4.866336633663367 41 101
1 0.5 4.053846153846154 18 130
1 11.691489361702128 4.621212121212121 47 132
1 39.08139534883721 4.0638297872340425 43 94
1 34.375 4.175 32 80
1 33.84146341463415 4.573684210526316 41 95
1 14.23076923076923 10.627272727272727 78 55
1 21.842105263157894 4.254716981132075 38 106
1 12.90625 4.5 32 76
1 51.94444444444444 4.338095238095238 36 105
1 26.670731707317074 4.24 41 100
1 23.194444444444443 6.666666666666667 36 66
1 8.844827586206897 4.7875 29 80
1 10.912698412698413 4.482758620689655 63 116
1 12.69047619047619 4.77906976744186 21 43
1 67.58333333333333 50.333333333333336 12 12
1 18.3 5.015789473684211 45 95
1 5.742424242424242 5.076923076923077 66 130
1 0.5 4.668224299065421 26 107
1 26.06923076923077 5.2317073170731705 65 123
1 33.372727272727275 4.75 55 100
