1 32.04347826086956 5.422480620155039 46 129
1 27.78 5.433962264150943 50 106
1 0.5 6.0 20 68
1 10.884615384615385 5.73404255319149 39 94
1 32.734042553191486 5.704081632653061 47 98
1 13.349056603773585 5.758620689655173 53 116
1 48.98275862068966 5.473684210526316 29 76
1 32.80434782608695 6.045454545454546 23 55
1 59.93333333333333 5.455223880597015 30 67
1 49.5 6.8478260869565215 26 46
1 46.5 5.635135135135135 32 74
1 51.07692307692308 5.402777777777778 26 72
1 26.075757575757574 5.5125 33 80
1 61.125 6.905405405405405 16 37
1 31.22222222222222 25.5 18 20
1 27.7 5.827586206896552 25 58
1 11.398305084745763 6.4035087719298245 59 114
1 6.453488372093023 5.20873786407767 43 103
1 2.4642857142857144 5.661290322580645 28 62
1 21.41549295774648 5.673228346456693 71 127
