1 20.791666666666668 5.935185185185185 48 108
1 20.75423728813559 6.414634146341464 59 82
1 8.782051282051283 5.40566037735849 39 106
1 48.77272727272727 5.675675675675675 33 74
1 33.23170731707317 5.983333333333333 41 60
1 30.064102564102566 6.068181818181818 39 88
1 15.207317073170731 5.456521739130435 41 115
1 25.289473684210527 5.106741573033708 38 89
1 14.537037037037036 5.629032258064516 27 62
1 35.28260869565217 5.464285714285714 46 84
1 32.27777777777778 5.105263157894737 36 76
1 19.576923076923077 6.846153846153846 26 52
1 26.803030303030305 5.35 33 80
1 23.242857142857144 5.154320987654321 35 81
1 7.922535211267606 5.702127659574468 71 94
1 33.111111111111114 7.1 18 35
1 53.0625 16.285714285714285 16 14
1 7.166666666666667 6.108695652173913 42 69
1 7.387096774193548 6.004761904761905 62 105
1 3.73728813559322 5.451923076923077 59 104
1 22.341269841269842 5.588709677419355 63 124
1 24.94927536231884 5.840425531914893 69 94
