1 22.46 4.78030303030303 50 132
1 13.741935483870968 5.280952380952381 62 105
1 0.7916666666666666 9.62987012987013 48 77
1 36.30555555555556 4.523255813953488 36 86
1 23.166666666666668 4.648648648648648 30 74
1 31.46969696969697 4.833333333333333 33 93
1 13.463636363636363 6.28125 55 96
1 8.279661016949152 4.826086956521739 59 92
1 34.166666666666664 4.666666666666667 42 96
1 12.86734693877551 4.7967032967032965 49 91
1 10.548780487804878 4.49009900990099 41 101
1 10.942857142857143 5.247826086956522 70 115
1 5.74 5.269230769230769 50 91
1 0.5 5.559259259259259 70 135
1 39.4 4.973684210526316 40 133
1 31.403846153846153 5.074468085106383 52 94
1 45.5 4.1911764705882355 39 68
