1 9.872340425531915 5.5625 94 128
1 15.5 6.193069306930693 71 101
1 3.797872340425532 5.242857142857143 47 105
1 33.03061224489796 5.4714285714285715 49 70
1 31.18888888888889 5.745614035087719 45 57
1 17.228813559322035 5.973684210526316 59 95
1 2.237864077669903 5.708 103 125
1 23.333333333333332 4.963414634146342 42 82
1 15.9 5.609090909090909 25 55
1 28.620689655172413 5.9 58 70
1 38.3235294117647 5.758620689655173 34 58
1 25.086206896551722 6.636363636363637 29 44
1 30.651515151515152 5.702898550724638 33 69
1 17.804347826086957 4.972972972972973 46 74
1 8.807692307692308 5.061797752808989 52 89
1 33.05555555555556 6.96875 18 32
1 93.14285714285714 42.7 14 15
1 6.987179487179487 5.451612903225806 39 62
1 8.841463414634147 5.633928571428571 41 112
1 12.017241379310345 6.546728971962617 87 107
1 35.295918367346935 6.795774647887324 49 71
