1 7.389763779527559 4.402298850574713 127 174
1 27.5 4.213114754098361 34 122
1 19.66 3.727272727272727 50 132
1 29.045454545454547 4.173611111111111 44 144
1 63.4 3.4504950495049505 30 101
1 50.5 3.5625 34 80
1 32.90425531914894 5.166666666666667 47 84
1 34.91463414634146 4.157894736842105 41 114
1 33.22727272727273 3.895348837209302 33 86
1 44.81818181818182 3.94 22 75
1 29.558823529411764 4.014563106796117 34 103
1 31.7 3.7972972972972974 30 74
1 41.06521739130435 4.37719298245614 23 57
1 18.41304347826087 3.9 46 80
1 16.275 3.6157894736842104 40 95
1 9.25 3.68348623853211 28 109
1 7.769230769230769 3.9655172413793105 26 58
1 80.25 49.5 12 11
