1 47.60344827586207 5.224489795918367 29 98
1 18.045454545454547 5.3352941176470585 33 85
1 12.1 5.805084745762712 80 118
1 38.833333333333336 4.9361702127659575 45 94
1 33.329268292682926 5.358585858585859 41 99
1 29.566666666666666 5.406666666666666 45 75
1 21.182926829268293 6.316666666666666 41 60
1 40.27142857142857 6.645833333333333 35 48
1 55.82142857142857 4.719512195121951 28 82
1 33.47142857142857 4.947368421052632 35 76
1 18.46969696969697 5.986486486486487 33 74
1 24.74 6.568181818181818 25 44
1 55.5 51.6 10 10
1 11.131578947368421 5.470588235294118 38 68
1 8.671052631578947 7.964912280701754 76 114
