1 19.833333333333332 5.625 51 112
1 30.425 6.365853658536586 40 82
1 9.5 5.627450980392157 44 102
1 47.94117647058823 5.234177215189874 34 79
1 39.81428571428572 5.626984126984127 35 63
1 24.04 5.829670329670329 50 91
1 15.477272727272727 5.063025210084033 44 119
1 17.827272727272728 5.325581395348837 55 86
1 17.5 5.4523809523809526 26 63
1 51.6875 5.290697674418604 32 86
1 31.44736842105263 5.052631578947368 38 76
1 18.4 8.033333333333333 30 45
1 21.88095238095238 5.3 42 80
1 18.977272727272727 5.117283950617284 44 81
1 9.763157894736842 5.7105263157894735 57 95
1 35.72222222222222 6.957142857142857 18 35
1 42.55555555555556 18.566666666666666 18 15
1 8.036585365853659 5.773972602739726 41 73
1 10.145833333333334 6.034653465346534 48 101
1 4.6571428571428575 5.638613861386139 70 101
1 19.88888888888889 5.641666666666667 72 120
1 30.875 5.459595959595959 56 99
