1 35.608695652173914 6.337209302325581 46 86
1 15.047619047619047 6.222222222222222 42 72
1 9.485714285714286 6.405263157894737 70 95
1 46.30487804878049 5.969879518072289 41 83
1 23.78813559322034 6.573170731707317 59 82
1 41.22727272727273 6.220588235294118 33 68
1 31.107142857142858 6.516393442622951 28 61
1 68.5 7.478260869565218 22 46
1 46.15 6.384057971014493 40 69
1 42.68181818181818 5.78169014084507 33 71
1 31.348484848484848 6.034246575342466 33 73
1 33.94 8.05 25 40
1 26.2 63.875 10 8
1 23.3 6.669491525423729 35 59
1 13.064516129032258 5.634228187919463 62 149
1 2.1956521739130435 5.478947368421053 46 95
