1 22.401639344262296 5.273109243697479 61 119
1 17.826923076923077 5.081632653061225 52 98
1 0.5 4.034351145038168 21 131
1 11.826086956521738 4.643939393939394 46 132
1 46.583333333333336 4.1063829787234045 36 94
1 35.306451612903224 4.284810126582278 31 79
1 31.5 4.659574468085107 44 94
1 13.6875 11.307692307692308 80 52
1 19.38372093023256 4.52970297029703 43 101
1 13.7 4.62 30 75
1 53.27142857142857 4.569306930693069 35 101
1 28.526315789473685 4.318181818181818 38 99
1 22.472972972972972 6.3428571428571425 37 70
1 10.54 5.1103896103896105 25 77
1 12.903508771929825 4.5 57 117
1 12.976190476190476 4.895348837209302 21 43
1 75.13636363636364 49.75 11 12
1 14.375 4.973684210526316 56 95
1 6.906779661016949 5.061538461538461 59 130
1 0.5 4.527272727272727 35 110
1 30.06140350877193 5.225806451612903 57 124
1 33.035714285714285 4.76 56 100
