1 21.796296296296298 4.8359375 54 128
1 11.957142857142857 5.338383838383838 70 99
1 3.0223880597014925 5.524590163934426 67 122
1 32.904761904761905 4.716867469879518 42 83
1 22.166666666666668 4.513333333333334 36 75
1 29.605263157894736 4.782608695652174 38 92
1 9.902439024390244 9.729508196721312 82 61
1 11.536363636363637 4.893258426966292 55 89
1 37.0609756097561 4.666666666666667 41 96
1 16.977272727272727 5.135294117647059 44 85
1 13.060975609756097 4.731578947368421 41 95
1 9.975609756097562 5.39908256880734 82 109
1 10.583333333333334 5.086956521739131 36 92
1 2.324324324324324 4.891608391608392 74 143
1 31.166666666666668 4.855555555555555 51 135
1 32.13461538461539 4.628712871287129 52 101
1 46.9 4.279411764705882 40 68
