1 14.417808219178083 6.349056603773585 73 106
1 17.37272727272727 6.0 55 92
1 2.5952380952380953 4.36 42 100
1 9.51923076923077 4.925925925925926 52 108
1 38.0609756097561 4.396551724137931 41 87
1 40.4375 4.628571428571429 32 70
1 18.04237288135593 5.038461538461538 59 104
1 18.75581395348837 4.9485981308411215 43 107
1 22.858974358974358 4.489130434782608 39 92
1 19.98 4.884615384615385 25 65
1 38.714285714285715 4.724719101123595 42 89
1 32.25 4.5519480519480515 36 77
1 12.357142857142858 5.223076923076923 35 65
1 26.625 4.535714285714286 32 84
1 15.436170212765957 4.771604938271605 47 81
1 5.532258064516129 13.4375 93 48
1 47.65384615384615 5.337837837837838 13 37
1 64.35714285714286 35.55882352941177 21 17
1 3.7962962962962963 5.052941176470588 54 85
1 4.431818181818182 5.2889908256880735 88 109
1 5.67948717948718 4.696078431372549 39 102
1 19.43243243243243 6.61 74 100
1 26.5 4.657407407407407 65 108
