1 25.0 5.581967213114754 54 122
1 13.185185185185185 4.962121212121212 54 132
1 22.425 4.454022988505747 40 87
1 7.666666666666667 4.7894736842105265 42 76
1 17.329268292682926 4.741071428571429 41 112
1 1.475609756097561 4.753623188405797 41 138
1 0.5909090909090909 4.59 33 100
1 22.571428571428573 5.107142857142857 42 84
1 4.182926829268292 4.659090909090909 41 88
1 3.9482758620689653 4.915730337078652 29 89
1 95.79411764705883 47.794117647058826 17 17
1 22.02777777777778 5.866071428571429 72 112
1 21.00793650793651 5.068421052631579 63 95
1 58.15384615384615 4.454545454545454 26 66
1 29.177419354838708 5.25 62 124
