1 16.795774647887324 5.348484848484849 71 132
1 15.333333333333334 5.14 48 125
1 29.3 4.533707865168539 30 89
1 5.270833333333333 5.3108108108108105 48 74
1 14.729166666666666 5.092592592592593 48 108
1 0.7790697674418605 4.8546099290780145 43 141
1 25.07894736842105 5.166666666666667 38 87
1 2.6621621621621623 5.4879518072289155 37 83
1 0.925 5.233333333333333 40 90
1 107.9 59.42857142857143 15 14
1 30.314814814814813 9.487179487179487 54 78
1 38.128571428571426 4.742718446601942 35 103
1 41.970588235294116 4.776923076923077 34 65
1 26.776923076923076 4.672932330827067 65 133
