1 22.554545454545455 5.323076923076923 55 130
1 14.362745098039216 4.924242424242424 51 132
1 20.453488372093023 4.7823529411764705 43 85
1 7.094594594594595 5.01948051948052 37 77
1 18.605263157894736 4.7368421052631575 38 114
1 0.5704225352112676 4.871428571428571 71 140
1 19.882978723404257 5.537037037037037 47 81
1 2.9324324324324325 5.063218390804598 37 87
1 1.22 5.021739130434782 50 92
1 95.73529411764706 48.44117647058823 17 17
1 25.161538461538463 6.509433962264151 65 106
1 25.931372549019606 5.287234042553192 51 94
1 59.958333333333336 4.859375 24 64
1 25.794117647058822 5.407563025210084 68 119
