1 56.43333333333333 6.419540229885057 30 87
1 10.394736842105264 6.274647887323944 57 71
1 13.662790697674419 6.641176470588236 43 85
1 25.745283018867923 6.232558139534884 53 86
1 59.30769230769231 5.972222222222222 26 72
1 36.68518518518518 6.973684210526316 27 57
1 58.0 8.523809523809524 28 42
1 59.03125 6.414285714285715 32 70
1 58.27777777777778 6.094202898550725 27 69
1 30.21794871794872 6.25 39 72
1 54.55555555555556 9.414285714285715 18 35
1 20.9 62.75 10 8
1 53.77777777777778 6.5344827586206895 18 58
1 11.18421052631579 5.989051094890511 76 137
1 8.5 5.815217391304348 36 92
1 6.088235294117647 7.517543859649122 34 57
