1 50.205882352941174 6.071428571428571 34 91
1 11.62962962962963 6.04054054054054 54 74
1 9.790322580645162 7.073170731707317 62 82
1 27.362745098039216 6.476190476190476 51 84
1 66.19565217391305 6.133802816901408 23 71
1 61.5625 6.805084745762712 16 59
1 81.15 7.855555555555555 20 45
1 65.67241379310344 6.222222222222222 29 72
1 48.875 5.908450704225352 32 71
1 29.625 6.401408450704225 40 71
1 44.40909090909091 8.932432432432432 22 37
1 22.3 63.625 10 8
1 43.90909090909091 6.4 22 60
1 14.689655172413794 5.6875 58 144
1 7.973684210526316 5.966666666666667 38 90
1 5.951612903225806 6.76984126984127 31 63
