1 36.848837209302324 6.129213483146067 43 89
1 7.372340425531915 6.141791044776119 47 67
1 11.708333333333334 6.317073170731708 48 82
1 25.54255319148936 7.513333333333334 47 75
1 61.648148148148145 6.014285714285714 27 70
1 54.05555555555556 6.9423076923076925 18 52
1 77.78571428571429 7.260869565217392 21 46
1 49.22222222222222 6.607692307692307 36 65
1 66.83333333333333 6.4523809523809526 24 63
1 33.34848484848485 6.282608695652174 33 69
1 57.44736842105263 7.905405405405405 19 37
1 29.6 35.8 10 10
1 47.5 7.395833333333333 20 48
1 12.546153846153846 5.493055555555555 65 144
1 7.388888888888889 5.638297872340425 45 94
1 5.4361702127659575 6.669491525423729 47 59
