1 13.55 5.384615384615385 60 130
1 18.344827586206897 5.82 58 100
1 38.47222222222222 5.206666666666667 36 75
1 33.55882352941177 5.370967741935484 34 62
1 16.70754716981132 5.122641509433962 53 106
1 1.4777777777777779 5.431818181818182 90 132
1 19.628205128205128 5.234939759036145 39 83
1 3.566666666666667 5.805084745762712 30 59
1 40.614285714285714 6.02112676056338 35 71
1 36.785714285714285 5.5625 28 64
1 15.0 6.663265306122449 26 49
1 19.93243243243243 5.3441558441558445 37 77
1 15.342105263157896 5.006329113924051 38 79
1 4.9655172413793105 5.3791208791208796 58 91
1 24.73076923076923 7.294117647058823 13 34
1 103.34615384615384 51.416666666666664 13 12
1 0.7580645161290323 5.528985507246377 31 69
1 0.6807228915662651 6.546728971962617 83 107
1 14.042857142857143 6.051724137931035 70 116
1 31.282608695652176 5.659090909090909 46 88
