1 11.066666666666666 5.123076923076923 120 130
1 10.54 5.033898305084746 75 118
1 21.28846153846154 4.694805194805195 52 77
1 19.42105263157895 4.280821917808219 38 73
1 19.453488372093023 4.8584905660377355 43 106
1 8.782608695652174 4.947368421052632 46 114
1 8.22340425531915 4.15625 47 96
1 27.91860465116279 4.443820224719101 43 89
1 12.925531914893616 4.448717948717949 47 78
1 9.22340425531915 4.5476190476190474 47 84
1 4.084905660377358 4.3791208791208796 53 91
1 3.5952380952380953 4.5476190476190474 21 42
1 92.0 48.73529411764706 18 17
1 13.921052631578947 6.3076923076923075 114 104
1 20.739436619718308 4.916666666666667 71 96
