1 23.85 5.1976744186046515 60 129
1 15.051020408163266 5.06 49 125
1 27.185714285714287 4.58641975308642 35 81
1 11.038461538461538 4.4605263157894735 39 76
1 12.466101694915254 4.833333333333333 59 108
1 2.692982456140351 5.131147540983607 57 122
1 2.7857142857142856 4.5 42 96
1 24.79268292682927 4.6477272727272725 41 88
1 6.24468085106383 4.5602409638554215 47 83
1 6.014285714285714 4.681818181818182 35 88
1 95.67647058823529 46.38235294117647 17 17
1 22.65714285714286 6.12962962962963 70 108
1 26.192307692307693 4.910526315789474 52 95
1 51.1875 4.269230769230769 32 65
1 25.431506849315067 5.007575757575758 73 132
