1 13.634328358208956 6.026785714285714 67 112
1 18.865079365079364 7.141025641025641 63 78
1 0.92 5.92 50 100
1 31.1875 6.085714285714285 48 70
1 39.8 5.783333333333333 30 60
1 23.833333333333332 6.3352941176470585 42 85
1 4.5476190476190474 5.3106060606060606 84 132
1 16.225490196078432 5.348837209302325 51 86
1 3.6944444444444446 5.811475409836065 36 61
1 38.44736842105263 5.166666666666667 38 87
1 26.44871794871795 5.347222222222222 39 72
1 12.384615384615385 5.931034482758621 26 58
1 21.676470588235293 5.5256410256410255 34 78
1 14.104166666666666 5.86986301369863 48 73
1 6.340579710144928 6.005747126436781 69 87
1 18.0 6.972222222222222 20 36
1 59.22222222222222 16.38235294117647 18 17
1 1.8584905660377358 5.871428571428571 53 70
1 2.544943820224719 6.537383177570093 89 107
1 18.484848484848484 5.349624060150376 66 133
1 28.78301886792453 5.478947368421053 53 95
