1 22.227272727272727 5.257575757575758 55 132
1 15.333333333333334 4.942748091603053 48 131
1 20.0 4.817647058823529 44 85
1 6.95945945945946 5.118421052631579 37 76
1 20.823529411764707 4.792035398230088 34 113
1 0.5666666666666667 4.892857142857143 75 140
1 18.8 5.403614457831325 50 83
1 3.088235294117647 5.174418604651163 34 86
1 1.0576923076923077 5.054347826086956 52 92
1 95.44117647058823 51.5625 17 16
1 26.451612903225808 7.283505154639175 62 97
1 26.00980392156863 5.097938144329897 51 97
1 65.18181818181819 4.776923076923077 22 65
1 25.691176470588236 5.182926829268292 68 123
