1 21.12 4.73404255319149 50 141
1 14.535714285714286 5.58 56 100
1 33.871428571428574 4.523255813953488 35 86
1 16.058823529411764 4.348101265822785 34 79
1 26.357142857142858 4.768041237113402 35 97
1 7.206666666666667 5.806306306306307 75 111
1 6.344444444444444 4.702127659574468 45 94
1 34.578947368421055 4.604166666666667 38 96
1 10.772727272727273 4.510416666666667 44 96
1 6.127906976744186 4.5 43 102
1 6.394117647058824 5.543478260869565 85 115
1 29.342105263157894 38.166666666666664 19 18
1 1.7459016393442623 4.588235294117647 61 102
1 24.849206349206348 5.123076923076923 63 130
1 31.48 4.860824742268041 50 97
1 56.91379310344828 3.8661971830985915 29 71
