1 17.37012987012987 4.94 77 125
1 23.141025641025642 4.846534653465347 39 101
1 0.5 4.053846153846154 18 130
1 11.712765957446809 4.606060606060606 47 132
1 32.931372549019606 4.053191489361702 51 94
1 38.01724137931034 4.15 29 80
1 42.07575757575758 4.563157894736842 33 95
1 14.873333333333333 10.627272727272727 75 55
1 21.81578947368421 4.191588785046729 38 107
1 12.117647058823529 4.409090909090909 34 77
1 51.916666666666664 4.219626168224299 36 107
1 25.523255813953487 4.23 43 100
1 23.22222222222222 6.606060606060606 36 66
1 8.14516129032258 4.660493827160494 31 81
1 9.902985074626866 4.588495575221239 67 113
1 12.5 4.732558139534884 21 43
1 61.80769230769231 50.666666666666664 13 12
1 18.84090909090909 5.0473684210526315 44 95
1 5.027777777777778 5.034351145038168 72 131
1 0.5 4.668224299065421 20 107
1 18.7 5.517094017094017 90 117
1 33.833333333333336 4.86734693877551 54 98
