1 8.991228070175438 4.817073170731708 114 164
1 23.182926829268293 4.036 41 125
1 15.204918032786885 4.572727272727272 61 110
1 24.61764705882353 4.189655172413793 51 145
1 100.5 3.3613861386138613 19 101
1 63.425925925925924 3.425925925925926 27 81
1 40.1578947368421 3.8689320388349513 38 103
1 21.746153846153845 6.798701298701299 65 77
1 38.107142857142854 3.691011235955056 28 89
1 18.95098039215686 4.785714285714286 51 63
1 18.68867924528302 4.394736842105263 53 95
1 23.34090909090909 4.805084745762712 44 59
1 30.758064516129032 4.764150943396227 31 53
1 27.40909090909091 3.731707317073171 33 82
1 20.075757575757574 3.5425531914893615 33 94
1 9.25 3.628440366972477 28 109
1 7.5 3.7203389830508473 27 59
1 32.369565217391305 47.86363636363637 23 11
