1 12.515151515151516 5.276119402985074 66 134
1 17.129032258064516 5.95 62 100
1 30.695652173913043 5.1891891891891895 46 74
1 40.5 5.385245901639344 29 61
1 17.23076923076923 5.325242718446602 52 103
1 1.837837837837838 5.50763358778626 74 131
1 17.954545454545453 4.970588235294118 44 85
1 4.357142857142857 5.833333333333333 35 57
1 40.52777777777778 5.9714285714285715 36 70
1 33.46875 5.2846153846153845 32 65
1 16.64814814814815 6.73404255319149 27 47
1 25.048387096774192 5.595890410958904 31 73
1 15.576923076923077 5.131578947368421 39 76
1 7.973684210526316 5.5227272727272725 38 88
1 27.73076923076923 7.82258064516129 13 31
1 88.7 43.0 15 14
1 1.2619047619047619 5.228571428571429 42 70
1 1.259493670886076 6.5285714285714285 79 105
1 12.461538461538462 6.030434782608696 78 115
1 30.666666666666668 5.869047619047619 48 84
