1 14.273333333333333 4.8023255813953485 75 129
1 14.62 4.327586206896552 50 116
1 14.8 4.281021897810219 40 137
1 36.98888888888889 3.561224489795918 45 98
1 25.304878048780488 3.5588235294117645 41 85
1 22.296610169491526 4.105769230769231 59 104
1 14.837662337662337 8.818181818181818 77 66
1 17.76829268292683 4.976744186046512 41 86
1 10.8 3.768292682926829 30 82
1 37.62765957446808 4.0327102803738315 47 107
1 22.520408163265305 3.985148514851485 49 101
1 20.157894736842106 4.1875 38 96
1 3.2096774193548385 4.265432098765432 31 81
1 5.274193548387097 3.975 62 120
1 6.880952380952381 3.357142857142857 21 49
1 47.1 47.285714285714285 15 14
1 12.6 3.924778761061947 60 113
1 0.5 4.356209150326797 86 153
1 21.291044776119403 5.369918699186992 67 123
1 26.023076923076925 4.078947368421052 65 114
