1 33.712765957446805 6.4523809523809526 47 84
1 13.108695652173912 6.208333333333333 46 72
1 10.758064516129032 6.46875 62 96
1 46.05 6.3076923076923075 40 78
1 25.009090909090908 6.648148148148148 55 81
1 31.142857142857142 6.050724637681159 42 69
1 24.863636363636363 6.023076923076923 33 65
1 60.666666666666664 7.202127659574468 24 47
1 41.56976744186046 6.105633802816901 43 71
1 46.36206896551724 5.625 29 72
1 25.93243243243243 5.833333333333333 37 75
1 34.19565217391305 7.975 23 40
1 27.3 63.375 10 8
1 20.12162162162162 6.844827586206897 37 58
1 8.806818181818182 5.886206896551724 88 145
1 0.5 5.457894736842105 39 95
