1 12.878787878787879 5.556910569105691 66 123
1 17.56153846153846 6.616279069767442 65 86
1 41.35294117647059 5.3933333333333335 34 75
1 56.65 5.581967213114754 20 61
1 21.833333333333332 5.34 42 100
1 3.2611940298507465 5.292592592592593 67 135
1 22.470588235294116 5.166666666666667 34 87
1 2.357142857142857 5.67741935483871 28 62
1 38.013513513513516 5.85064935064935 37 77
1 35.107142857142854 5.285714285714286 28 70
1 12.02 6.5576923076923075 25 52
1 21.78125 5.203703703703703 32 81
1 19.080645161290324 5.018518518518518 31 81
1 4.818181818181818 5.372340425531915 66 94
1 16.166666666666668 6.972222222222222 18 36
1 71.44444444444444 24.86842105263158 18 19
1 0.5 5.7 33 70
1 0.9461538461538461 5.604 65 125
1 17.403225806451612 5.453846153846154 62 130
1 23.28688524590164 5.435483870967742 61 93
