1 13.55 5.547244094488189 60 127
1 17.368852459016395 5.914141414141414 61 99
1 36.63157894736842 5.092105263157895 38 76
1 32.785714285714285 5.354838709677419 35 62
1 16.425925925925927 5.195238095238095 54 105
1 1.34375 5.569767441860465 96 129
1 22.014285714285716 5.2926829268292686 35 82
1 4.189655172413793 6.008771929824562 29 57
1 43.34848484848485 6.380597014925373 33 67
1 35.94827586206897 5.725806451612903 29 62
1 14.642857142857142 6.925531914893617 28 47
1 19.166666666666668 5.318181818181818 39 77
1 17.264705882352942 4.981012658227848 34 79
1 4.579365079365079 5.4222222222222225 63 90
1 33.2 7.46969696969697 10 33
1 111.75 57.13636363636363 12 11
1 1.0161290322580645 5.588235294117647 31 68
1 0.6777777777777778 6.652380952380953 90 105
1 14.833333333333334 6.166666666666667 66 114
1 30.73404255319149 5.718390804597701 47 87
