1 15.69718309859155 4.605263157894737 71 133
1 15.04 4.60091743119266 50 109
1 11.76 4.339416058394161 50 137
1 33.26 3.4702970297029703 50 101
1 31.742424242424242 3.9125 33 80
1 36.916666666666664 4.076923076923077 36 104
1 14.986842105263158 9.246031746031745 76 63
1 21.414285714285715 4.127450980392157 35 102
1 9.416666666666666 3.8950617283950617 36 81
1 32.627272727272725 3.990740740740741 55 108
1 25.09090909090909 3.7547169811320753 44 106
1 17.772727272727273 4.03 44 100
1 3.9838709677419355 4.327160493827161 31 81
1 5.470588235294118 3.901639344262295 68 122
1 7.690476190476191 3.4591836734693877 21 49
1 47.833333333333336 46.785714285714285 15 14
1 13.0 4.339622641509434 60 106
1 1.1865671641791045 4.387417218543046 67 151
1 17.914634146341463 5.134920634920635 82 126
1 29.110169491525422 4.169642857142857 59 112
