1 12.954545454545455 4.527932960893855 121 179
1 23.71276595744681 3.893700787401575 47 127
1 9.3 3.7966101694915255 85 118
1 19.421875 4.308219178082192 64 146
1 36.54651162790697 3.6666666666666665 43 108
1 26.845454545454544 4.140350877192983 55 114
1 29.642857142857142 3.5869565217391304 42 92
1 29.5 3.789473684210526 32 76
1 25.323529411764707 4.13 51 100
1 30.72222222222222 3.608108108108108 45 74
1 32.72222222222222 3.6587301587301586 36 63
1 30.04054054054054 3.716867469879518 37 83
1 22.77777777777778 3.283505154639175 36 97
1 5.964285714285714 3.8398058252427183 56 103
1 9.82258064516129 3.45 31 60
1 25.576923076923077 42.833333333333336 13 12
1 0.5 3.521276595744681 23 94
