1 42.89393939393939 5.855555555555555 33 90
1 10.982758620689655 6.073333333333333 58 75
1 11.691780821917808 6.608910891089109 73 101
1 37.223404255319146 5.616279069767442 47 86
1 30.033333333333335 5.804347826086956 45 92
1 28.886363636363637 5.623287671232877 44 73
1 27.43103448275862 6.9035087719298245 29 57
1 47.98275862068966 6.86734693877551 29 49
1 55.706896551724135 5.566666666666666 29 75
1 43.107142857142854 5.7 28 70
1 20.071428571428573 5.438271604938271 35 81
1 36.5 7.0 18 44
1 57.9 61.125 10 8
1 14.833333333333334 6.862068965517241 36 58
1 9.051282051282051 6.492592592592593 78 135
