1 18.14864864864865 5.044715447154472 74 123
1 22.65 4.856435643564357 40 101
1 0.5 4.053846153846154 18 130
1 11.691489361702128 4.613636363636363 47 132
1 36.52173913043478 4.0638297872340425 46 94
1 35.53225806451613 4.1625 31 80
1 36.526315789473685 4.573684210526316 38 95
1 14.448051948051948 10.627272727272727 77 55
1 21.842105263157894 4.245283018867925 38 106
1 12.5 4.4868421052631575 33 76
1 51.94444444444444 4.283018867924528 36 106
1 26.071428571428573 4.24 42 100
1 23.194444444444443 6.636363636363637 36 66
1 8.5 4.7625 30 80
1 10.59375 4.517391304347826 64 115
1 12.595238095238095 4.755813953488372 21 43
1 62.11538461538461 50.5 13 12
1 18.344444444444445 5.026315789473684 45 95
1 5.470588235294118 5.076923076923077 68 130
1 0.5 4.668224299065421 24 107
1 22.526666666666667 5.375 75 120
1 33.925925925925924 4.813131313131313 54 99
