1 12.079710144927537 5.342105263157895 69 133
1 16.896825396825395 5.882352941176471 63 102
1 0.5 5.686274509803922 34 102
1 27.931372549019606 5.239726027397261 51 73
1 41.08620689655172 5.584745762711864 29 59
1 18.04 5.392156862745098 50 102
1 1.8424657534246576 5.76984126984127 73 126
1 19.166666666666668 4.8604651162790695 42 86
1 5.982758620689655 5.7631578947368425 29 57
1 38.86842105263158 5.809859154929577 38 71
1 33.07575757575758 5.121212121212121 33 66
1 18.192307692307693 6.6063829787234045 26 47
1 30.53846153846154 5.73943661971831 26 71
1 17.305555555555557 5.166666666666667 36 75
1 6.877777777777778 5.258241758241758 45 91
1 31.666666666666668 7.725806451612903 12 31
1 102.03846153846153 49.416666666666664 13 12
1 1.8783783783783783 5.239130434782608 37 69
1 1.6917808219178083 6.442857142857143 73 105
1 14.308823529411764 6.004347826086956 68 115
1 30.397959183673468 5.987804878048781 49 82
