1 21.903846153846153 4.888888888888889 52 126
1 15.714285714285714 4.387931034482759 56 116
1 0.8285714285714286 3.7421875 70 128
1 14.553571428571429 4.5 56 127
1 35.8 3.7708333333333335 50 96
1 37.854838709677416 4.097402597402597 31 77
1 27.826923076923077 4.41 52 100
1 15.040229885057471 9.614754098360656 87 61
1 28.403225806451612 6.294117647058823 31 68
1 14.842857142857143 4.197368421052632 35 76
1 43.24418604651163 4.240384615384615 43 104
1 22.85185185185185 4.25531914893617 54 94
1 20.766666666666666 4.211340206185567 45 97
1 9.176470588235293 4.777777777777778 34 72
1 7.45 4.0344827586206895 60 116
1 17.88888888888889 3.847826086956522 18 46
1 44.55263157894737 47.57142857142857 19 14
1 16.40740740740741 4.166666666666667 54 105
1 2.857142857142857 4.389655172413793 70 145
1 0.6403508771929824 4.736559139784946 57 93
1 24.68032786885246 5.303149606299213 61 127
1 29.916666666666668 4.29646017699115 60 113
