1 10.461538461538462 5.193430656934306 104 137
1 13.409090909090908 4.963414634146342 55 123
1 25.87142857142857 4.732558139534884 35 86
1 10.458333333333334 4.829113924050633 24 79
1 17.625 4.765486725663717 40 113
1 0.6609195402298851 4.992753623188406 87 138
1 25.375 4.677083333333333 40 96
1 2.06140350877193 4.706185567010309 57 97
1 0.5 4.792929292929293 27 99
1 103.56666666666666 54.714285714285715 15 14
1 25.1984126984127 5.7521008403361344 63 119
1 34.125 4.566037735849057 40 106
1 54.80769230769231 4.529850746268656 26 67
1 29.39830508474576 4.9453125 59 128
