1 16.285714285714285 5.213178294573644 84 129
1 8.688888888888888 5.110169491525424 90 118
1 25.095238095238095 4.913333333333333 42 75
1 16.602564102564102 4.136363636363637 39 77
1 12.790322580645162 4.90566037735849 62 106
1 5.106060606060606 5.223214285714286 66 112
1 6.333333333333333 4.446236559139785 48 93
1 22.01923076923077 4.686046511627907 52 86
1 16.758064516129032 4.246987951807229 31 83
1 8.454545454545455 4.386363636363637 44 88
1 3.0 4.351063829787234 44 94
1 91.33333333333333 45.088235294117645 18 17
1 25.46825396825397 6.087155963302752 63 109
1 23.161290322580644 4.8061224489795915 62 98
1 39.861702127659576 4.34375 47 64
1 65.67241379310344 6.065573770491803 29 122
