1 12.573529411764707 5.648760330578512 68 121
1 17.921875 6.688235294117647 64 85
1 42.803030303030305 5.3933333333333335 33 75
1 54.11904761904762 5.581967213114754 21 61
1 21.476744186046513 5.459183673469388 43 98
1 3.338235294117647 5.3283582089552235 68 134
1 21.36111111111111 5.3352941176470585 36 85
1 2.537037037037037 5.693548387096774 27 62
1 38.067567567567565 5.876623376623376 37 77
1 36.425925925925924 5.232394366197183 27 71
1 11.86 6.443396226415095 25 53
1 22.5 5.216049382716049 31 81
1 19.20967741935484 5.030864197530864 31 81
1 4.858208955223881 5.372340425531915 67 94
1 15.394736842105264 6.972222222222222 19 36
1 66.76315789473684 23.92105263157895 19 19
1 0.527027027027027 5.612676056338028 37 71
1 0.9852941176470589 5.711382113821138 68 123
1 18.810344827586206 5.469230769230769 58 130
1 25.04385964912281 5.3936170212765955 57 94
