1 13.764705882352942 6.330188679245283 68 106
1 19.983333333333334 7.25 60 76
1 2.1956521739130435 5.703883495145631 46 103
1 32.45744680851064 5.992957746478873 47 71
1 43.82142857142857 5.713114754098361 28 61
1 23.613636363636363 6.1976744186046515 44 86
1 5.828947368421052 5.286259541984733 76 131
1 16.160377358490567 5.3604651162790695 53 86
1 4.9324324324324325 5.811475409836065 37 61
1 39.28947368421053 5.189655172413793 38 87
1 27.115384615384617 5.126666666666667 39 75
1 13.653846153846153 5.948275862068965 26 58
1 21.27777777777778 5.538461538461538 36 78
1 14.479591836734693 5.726666666666667 49 75
1 6.609589041095891 6.309523809523809 73 84
1 17.58695652173913 6.944444444444445 23 36
1 63.8125 15.3125 16 16
1 2.625 6.2164179104477615 56 67
1 3.524390243902439 6.37037037037037 82 108
1 19.734375 5.31203007518797 64 133
1 24.578125 5.760869565217392 64 92
