1 15.6 4.763565891472868 80 129
1 14.033333333333333 5.015151515151516 60 99
1 8.291044776119403 4.412408759124087 67 137
1 40.91463414634146 3.8541666666666665 41 96
1 23.58695652173913 4.217948717948718 46 78
1 22.666666666666668 4.3 60 100
1 15.486301369863014 10.718181818181819 73 55
1 19.621951219512194 4.43 41 100
1 10.5 4.170886075949367 37 79
1 34.27777777777778 4.326923076923077 54 104
1 36.016129032258064 4.024271844660194 31 103
1 19.841463414634145 7.587719298245614 41 57
1 6.661290322580645 4.549382716049383 31 81
1 7.0 4.308695652173913 76 115
1 12.277777777777779 4.211111111111111 18 45
1 54.642857142857146 48.34615384615385 14 13
1 15.427272727272728 4.5095238095238095 55 105
1 3.236842105263158 4.56993006993007 76 143
1 23.66417910447761 5.551724137931035 67 116
1 27.84375 4.39622641509434 64 106
