1 29.453488372093023 4.23109243697479 43 119
1 9.723880597014926 4.63265306122449 67 98
1 20.93859649122807 4.919117647058823 57 136
1 46.36486486486486 3.8486238532110093 37 109
1 28.872549019607842 4.757142857142857 51 105
1 26.971698113207548 3.747311827956989 53 93
1 27.764705882352942 4.065789473684211 34 76
1 30.081818181818182 4.1 55 105
1 29.82758620689655 3.391566265060241 58 83
1 47.672413793103445 3.9126984126984126 29 63
1 32.04761904761905 3.9352941176470586 42 85
1 22.772727272727273 3.4893617021276597 44 94
1 6.586956521739131 4.2 69 100
1 17.9 3.8448275862068964 25 58
1 31.576923076923077 46.083333333333336 13 12
1 3.8488372093023258 3.608695652173913 43 92
