1 10.036842105263158 5.5859375 95 128
1 14.056962025316455 5.990384615384615 79 104
1 3.923076923076923 5.259615384615385 52 104
1 31.826923076923077 5.514285714285714 52 70
1 34.404761904761905 5.5508474576271185 42 59
1 15.727272727272727 6.217391304347826 66 92
1 2.4223300970873787 5.817073170731708 103 123
1 23.022727272727273 5.030864197530864 44 81
1 18.804347826086957 5.609090909090909 23 55
1 31.537037037037038 5.722222222222222 54 72
1 35.18421052631579 5.9035087719298245 38 57
1 25.6 6.636363636363637 30 44
1 30.852941176470587 5.614285714285714 34 70
1 18.180851063829788 5.0479452054794525 47 73
1 10.1875 5.050561797752809 48 89
1 39.4375 7.209677419354839 16 31
1 81.4375 44.56666666666667 16 15
1 8.283783783783784 5.435483870967742 37 62
1 9.0 5.707207207207207 44 111
1 12.702380952380953 6.593457943925234 84 107
1 31.571428571428573 6.809859154929577 56 71
