1 31.456521739130434 5.3320610687022905 46 131
1 28.112244897959183 5.443396226415095 49 106
1 11.052631578947368 5.678947368421053 38 95
1 30.948979591836736 5.714285714285714 49 98
1 12.318181818181818 5.379032258064516 55 124
1 48.43103448275862 5.3076923076923075 29 78
1 32.32608695652174 5.990909090909091 23 55
1 59.2 5.323529411764706 30 68
1 46.870370370370374 6.648936170212766 27 47
1 44.65151515151515 5.635135135135135 33 74
1 50.42307692307692 5.375 26 72
1 25.71212121212121 5.5886075949367084 33 79
1 60.5 6.851351351351352 16 37
1 30.81578947368421 25.272727272727273 19 22
1 26.115384615384617 5.810344827586207 26 58
1 12.045454545454545 5.547244094488189 55 127
1 6.181818181818182 5.1 44 105
1 2.142857142857143 5.612903225806452 28 62
1 21.514492753623188 5.714285714285714 69 126
