1 9.627450980392156 4.713333333333333 102 150
1 21.96875 4.632231404958677 32 121
1 24.884615384615383 4.388888888888889 39 90
1 8.337837837837839 4.487654320987654 37 81
1 18.166666666666668 5.352631578947369 39 95
1 1.7083333333333333 5.3046875 96 128
1 26.30952380952381 4.51010101010101 42 99
1 3.5 4.611111111111111 60 99
1 36.293103448275865 41.794117647058826 29 17
1 19.824675324675326 5.4523809523809526 77 126
1 34.52439024390244 4.647058823529412 41 102
1 50.189655172413794 4.108695652173913 29 69
1 33.629629629629626 4.841085271317829 54 129
