1 13.55 4.971014492753623 60 138
1 20.367924528301888 5.658415841584159 53 101
1 50.98148148148148 5.273333333333333 27 75
1 37.4 5.403225806451613 30 62
1 17.66 4.881818181818182 50 110
1 1.9666666666666666 5.173913043478261 75 138
1 15.6875 5.017241379310345 48 87
1 2.3181818181818183 5.580645161290323 33 62
1 42.53030303030303 6.2 33 70
1 41.458333333333336 5.294117647058823 24 68
1 15.772727272727273 6.5 22 51
1 22.822580645161292 5.409090909090909 31 77
1 11.895833333333334 5.128205128205129 48 78
1 6.388888888888889 5.276595744680851 45 94
1 11.78 6.944444444444445 25 36
1 104.42307692307692 53.68181818181818 13 11
1 0.5 5.735294117647059 20 68
1 0.6846153846153846 6.077586206896552 65 116
1 12.290123456790123 5.745901639344262 81 122
1 33.833333333333336 5.566666666666666 42 90
