1 8.124 4.924657534246576 125 146
1 17.6 4.983050847457627 40 118
1 25.06756756756757 4.590909090909091 37 88
1 6.524390243902439 4.560975609756097 41 82
1 20.08823529411765 5.072815533980583 34 103
1 1.2012987012987013 4.701388888888889 77 144
1 22.606382978723403 4.729166666666667 47 96
1 2.433333333333333 4.681818181818182 60 99
1 53.388888888888886 51.142857142857146 27 14
1 17.70689655172414 5.654471544715447 87 123
1 34.575 4.509433962264151 40 106
1 43.46969696969697 4.171428571428572 33 70
1 27.484375 4.7330827067669174 64 133
