1 26.214285714285715 5.1115702479338845 49 121
1 15.25438596491228 8.865079365079366 57 63
1 6.2936507936507935 4.965116279069767 63 129
1 35.36046511627907 4.387640449438202 43 89
1 24.1 4.833333333333333 40 72
1 31.575 4.84065934065934 40 91
1 9.811827956989248 13.895348837209303 93 43
1 12.61111111111111 5.722222222222222 63 81
1 8.566666666666666 4.793333333333333 30 75
1 38.04545454545455 4.653061224489796 44 98
1 16.833333333333332 4.326530612244898 54 98
1 21.045454545454547 4.604166666666667 33 96
1 4.7592592592592595 5.256410256410256 27 78
1 11.094594594594595 5.008928571428571 74 112
1 6.041666666666667 5.333333333333333 24 42
1 58.19230769230769 43.285714285714285 13 14
1 8.161764705882353 5.308988764044944 68 89
1 5.2384615384615385 5.056390977443609 65 133
1 30.009090909090908 4.984848484848484 55 132
1 28.860655737704917 4.617647058823529 61 102
