1 30.22093023255814 4.288135593220339 43 118
1 13.25 5.093406593406593 48 91
1 17.696969696969695 5.290697674418604 66 129
1 49.92857142857143 3.9537037037037037 35 108
1 35.792682926829265 4.846153846153846 41 104
1 28.637254901960784 4.405882352941177 51 85
1 30.596774193548388 4.22 31 75
1 34.8 4.018518518518518 50 108
1 41.94186046511628 3.685185185185185 43 81
1 54.5 4.221311475409836 26 61
1 31.033333333333335 3.9651162790697674 45 86
1 26.756410256410255 3.697802197802198 39 91
1 8.571428571428571 4.232673267326732 56 101
1 18.01851851851852 4.245454545454545 27 55
1 33.80769230769231 46.416666666666664 13 12
1 5.2073170731707314 3.792134831460674 41 89
1 3.0757575757575757 20.958333333333332 66 48
