1 26.657894736842106 5.508849557522124 38 113
1 30.3 6.234939759036145 40 83
1 10.277777777777779 6.127659574468085 45 94
1 42.08974358974359 5.1375 39 80
1 50.642857142857146 5.484375 28 64
1 23.23076923076923 5.682795698924731 52 93
1 18.576923076923077 5.068965517241379 39 116
1 17.103448275862068 5.4523809523809526 58 84
1 20.666666666666668 5.420634920634921 24 63
1 52.3125 5.2011494252873565 32 87
1 34.75714285714286 5.0131578947368425 35 76
1 18.56451612903226 7.23469387755102 31 49
1 25.364864864864863 5.2625 37 80
1 20.646341463414632 5.0 41 82
1 11.712765957446809 5.829787234042553 47 94
1 37.333333333333336 6.8428571428571425 18 35
1 39.388888888888886 20.6875 18 16
1 7.886363636363637 5.409090909090909 44 77
1 10.91304347826087 5.96 46 100
1 8.316326530612244 6.138297872340425 49 94
1 27.846153846153847 5.533333333333333 52 120
1 33.46153846153846 5.321782178217822 52 101
