1 7.3359375 4.408045977011494 128 174
1 27.5 4.213114754098361 34 122
1 20.071428571428573 3.727272727272727 49 132
1 29.045454545454547 4.173611111111111 44 144
1 63.43333333333333 3.4504950495049505 30 101
1 52.07575757575758 3.5625 33 80
1 32.208333333333336 5.166666666666667 48 84
1 34.9390243902439 4.157894736842105 41 114
1 36.6 3.895348837209302 30 86
1 44.81818181818182 3.94 22 75
1 30.439393939393938 4.014563106796117 33 103
1 32.775862068965516 3.7533333333333334 29 75
1 41.06521739130435 4.37719298245614 23 57
1 18.391304347826086 3.8875 46 80
1 16.3 3.6157894736842104 40 95
1 9.25 3.68348623853211 28 109
1 7.769230769230769 3.9827586206896552 26 58
1 80.25 49.5 12 11
