1 30.453488372093023 4.279661016949152 43 118
1 9.859375 4.983870967741935 64 93
1 15.72972972972973 4.970588235294118 74 136
1 48.77777777777778 3.9953271028037385 36 107
1 24.73728813559322 4.638888888888889 59 108
1 31.03191489361702 4.41764705882353 47 85
1 26.36111111111111 4.136363636363637 36 77
1 27.99206349206349 3.977064220183486 63 109
1 41.47727272727273 3.7875 44 80
1 54.84615384615385 4.466101694915254 26 59
1 30.074468085106382 3.988372093023256 47 86
1 29.333333333333332 3.7666666666666666 36 90
1 10.104166666666666 4.3686868686868685 48 99
1 16.666666666666668 4.3 30 55
1 34.73076923076923 46.416666666666664 13 12
1 5.621951219512195 3.913793103448276 41 87
1 3.4558823529411766 17.767857142857142 68 56
