1 43.11538461538461 6.318181818181818 39 88
1 10.372727272727273 6.427536231884058 55 69
1 12.9 6.95679012345679 45 81
1 26.38235294117647 6.573170731707317 51 82
1 62.06 6.2 25 70
1 36.72222222222222 6.921052631578948 27 57
1 60.24074074074074 9.0 27 40
1 49.3421052631579 6.385714285714286 38 70
1 60.73076923076923 6.176470588235294 26 68
1 34.5 6.25 34 72
1 58.14705882352941 10.375 17 32
1 23.944444444444443 62.75 9 8
1 48.5 6.9 20 55
1 13.811475409836065 5.76241134751773 61 141
1 8.61111111111111 5.836956521739131 36 92
1 7.5 7.962962962962963 29 54
