1 34.22 6.038461538461538 50 91
1 15.068181818181818 6.330985915492958 44 71
1 9.649253731343284 6.445054945054945 67 91
1 33.08139534883721 6.8125 43 80
1 49.03333333333333 5.828767123287672 30 73
1 27.442857142857143 6.683333333333334 35 60
1 72.5909090909091 7.608695652173913 22 46
1 86.72727272727273 7.306451612903226 22 62
1 43.47142857142857 6.176470588235294 35 68
1 32.957142857142856 6.572463768115942 35 69
1 49.86842105263158 8.371794871794872 19 39
1 24.9 63.75 10 8
1 38.791666666666664 6.741379310344827 24 58
1 13.296875 5.741379310344827 64 145
1 5.414893617021277 5.877777777777778 47 90
1 3.088235294117647 6.65625 34 64
