1 14.432432432432432 4.828125 74 128
1 14.441176470588236 4.286324786324786 51 117
1 10.767857142857142 4.3088235294117645 56 136
1 46.333333333333336 3.61340206185567 36 97
1 26.705128205128204 3.6686746987951806 39 83
1 24.462962962962962 4.150485436893204 54 103
1 14.928571428571429 8.946153846153846 77 65
1 18.375 5.424050632911392 40 79
1 10.725806451612904 3.768292682926829 31 82
1 36.13265306122449 4.0233644859813085 49 107
1 20.5 3.985148514851485 54 101
1 19.3 4.149484536082475 40 97
1 3.403225806451613 4.253086419753086 31 81
1 5.336065573770492 4.012605042016807 61 119
1 7.85 3.4375 20 48
1 47.43333333333333 47.357142857142854 15 14
1 13.517857142857142 4.261904761904762 56 105
1 0.5 4.568493150684931 83 146
1 19.819444444444443 5.292 72 125
1 26.91269841269841 4.1371681415929205 63 113
