1 16.813953488372093 6.035087719298246 86 114
1 12.923728813559322 5.354700854700854 59 117
1 17.06140350877193 4.651898734177215 57 79
1 13.052631578947368 4.472972972972973 38 74
1 15.193877551020408 4.561946902654867 49 113
1 3.689655172413793 5.177966101694915 58 118
1 4.551282051282051 4.48936170212766 39 94
1 27.03846153846154 4.744186046511628 39 86
1 10.11111111111111 4.403614457831325 36 83
1 4.767857142857143 4.466292134831461 56 89
1 90.11111111111111 45.26470588235294 18 17
1 32.43877551020408 5.972727272727273 49 110
1 25.045454545454547 4.942105263157894 55 95
1 57.13333333333333 4.166666666666667 30 66
1 25.046666666666667 4.807142857142857 75 140
