1 8.869747899159664 5.183453237410072 119 139
1 11.806451612903226 5.008333333333334 62 120
1 26.1 4.755813953488372 35 86
1 5.722222222222222 4.841772151898734 45 79
1 19.25 4.668141592920354 36 113
1 1.4183673469387754 4.680555555555555 49 144
1 34.6 4.956521739130435 30 92
1 2.008771929824561 4.611111111111111 57 99
1 0.5 4.792929292929293 27 99
1 103.43333333333334 51.142857142857146 15 14
1 30.076923076923077 4.663120567375887 52 141
1 34.3 4.566037735849057 40 106
1 38.689189189189186 4.455223880597015 37 67
1 27.15625 4.820610687022901 64 131
