1 10.0 5.5703125 94 128
1 14.74 6.053398058252427 75 103
1 3.82 5.278846153846154 50 104
1 32.1078431372549 5.5 51 70
1 32.36363636363637 5.637931034482759 44 58
1 16.56451612903226 6.0638297872340425 62 94
1 2.325242718446602 5.766129032258065 103 124
1 23.174418604651162 4.963414634146342 43 82
1 17.291666666666668 5.609090909090909 24 55
1 30.017857142857142 5.809859154929577 56 71
1 36.666666666666664 5.775862068965517 36 58
1 24.933333333333334 6.636363636363637 30 44
1 31.196969696969695 5.702898550724638 33 69
1 17.819148936170212 4.972972972972973 47 74
1 9.48 5.050561797752809 50 89
1 36.029411764705884 6.96875 17 32
1 86.9 43.63333333333333 15 15
1 7.605263157894737 5.451612903225806 38 62
1 9.023809523809524 5.698198198198198 42 111
1 12.429411764705883 6.574766355140187 85 107
1 33.61538461538461 6.809859154929577 52 71
