1 29.85 5.701612903225806 60 124
1 33.166666666666664 6.421348314606742 45 89
1 4.214285714285714 5.736111111111111 35 72
1 10.954545454545455 6.8924050632911396 44 79
1 45.34615384615385 5.352941176470588 39 102
1 19.80188679245283 6.468421052631579 53 95
1 61.07692307692308 6.02112676056338 26 71
1 43.9 6.865384615384615 20 52
1 65.93478260869566 7.304347826086956 23 46
1 55.4 6.1571428571428575 30 70
1 58.11538461538461 5.785714285714286 26 70
1 35.57142857142857 6.180555555555555 28 72
1 67.3125 7.447368421052632 16 38
1 29.884615384615383 25.4 13 10
1 36.76086956521739 6.518518518518518 23 54
1 11.890625 5.714285714285714 64 140
1 9.166666666666666 5.787234042553192 36 94
1 6.94 6.283333333333333 25 60
