1 16.042857142857144 4.597744360902255 70 133
1 15.12 4.686915887850467 50 107
1 11.288461538461538 4.354014598540146 52 137
1 32.59803921568628 3.4411764705882355 51 102
1 32.8125 3.9936708860759493 32 79
1 41.625 4.076923076923077 32 104
1 15.166666666666666 9.403225806451612 75 62
1 22.803030303030305 4.004761904761905 33 105
1 9.026315789473685 3.9074074074074074 38 81
1 31.57017543859649 3.990740740740741 57 108
1 25.686046511627907 3.705607476635514 43 107
1 17.433333333333334 4.04 45 100
1 4.17741935483871 4.339506172839506 31 81
1 5.485714285714286 3.901639344262295 70 122
1 7.880952380952381 3.479591836734694 21 49
1 48.03333333333333 46.642857142857146 15 14
1 13.083333333333334 4.414285714285715 60 105
1 1.4193548387096775 4.413333333333333 62 150
1 17.394117647058824 5.119047619047619 85 126
1 29.689655172413794 4.169642857142857 58 112
