1 16.264044943820224 6.101769911504425 89 113
1 12.549180327868852 5.405172413793103 61 116
1 16.635593220338983 4.717948717948718 59 78
1 12.625 4.45945945945946 40 74
1 15.193877551020408 4.561946902654867 49 113
1 3.65 5.177966101694915 60 118
1 5.055555555555555 4.4787234042553195 36 94
1 27.842105263157894 4.805882352941176 38 85
1 10.728571428571428 4.391566265060241 35 83
1 4.745614035087719 4.5227272727272725 57 88
1 0.5 4.457446808510638 34 94
1 90.11111111111111 44.970588235294116 18 17
1 35.3 5.914414414414415 45 111
1 22.614754098360656 4.9526315789473685 61 95
1 59.56896551724138 4.151515151515151 29 66
1 24.75 4.776595744680851 76 141
