1 20.096153846153847 4.833333333333333 52 141
1 13.567796610169491 5.8578947368421055 59 95
1 41.464285714285715 4.511627906976744 28 86
1 14.642857142857142 4.158536585365853 35 82
1 25.557142857142857 4.6 35 100
1 9.407407407407407 5.878378378378378 54 111
1 4.59433962264151 4.712765957446808 53 94
1 35.77777777777778 4.583333333333333 36 96
1 9.565217391304348 4.479381443298969 46 97
1 4.934782608695652 4.461165048543689 46 103
1 8.177966101694915 5.124 59 125
1 25.547619047619047 39.72222222222222 21 18
1 0.921875 4.386792452830188 64 106
1 19.073170731707318 5.333333333333333 82 126
1 42.013513513513516 4.589108910891089 37 101
1 56.05172413793103 3.823943661971831 29 71
