1 21.771186440677965 6.5 59 110
1 23.645454545454545 5.752427184466019 55 103
1 9.670731707317072 5.39 41 100
1 67.57407407407408 5.348484848484849 27 66
1 25.745283018867923 5.66 53 100
1 7.274647887323944 5.661290322580645 71 124
1 42.564516129032256 4.945783132530121 31 83
1 40.970588235294116 6.0 17 54
1 53.854838709677416 5.5625 31 64
1 49.891304347826086 6.833333333333333 23 45
1 46.2 5.46 30 75
1 44.75925925925926 4.915584415584416 27 77
1 19.576923076923077 5.086206896551724 39 87
1 53.55882352941177 6.777777777777778 17 36
1 31.75 37.3235294117647 28 17
1 25.166666666666668 5.6525423728813555 24 59
1 14.63953488372093 4.7 43 135
1 4.273584905660377 5.179611650485437 53 103
1 0.5 5.161538461538462 18 65
1 19.96969696969697 5.90650406504065 66 123
