1 26.887755102040817 6.946601941747573 49 103
1 27.354166666666668 5.703883495145631 48 103
1 9.74390243902439 5.235294117647059 41 102
1 65.78571428571429 5.378787878787879 28 66
1 30.195652173913043 5.5594059405940595 46 101
1 8.642857142857142 5.5 63 126
1 43.016129032258064 4.933734939759036 31 83
1 39.111111111111114 6.0 18 54
1 58.1551724137931 5.484615384615385 29 65
1 48.625 6.833333333333333 24 45
1 46.7 5.292207792207792 30 77
1 43.785714285714285 5.073333333333333 28 75
1 19.96153846153846 5.040229885057471 39 87
1 54.14705882352941 6.805555555555555 17 36
1 29.214285714285715 34.18421052631579 28 19
1 24.66 5.6525423728813555 25 59
1 13.010204081632653 4.714814814814815 49 135
1 4.519230769230769 5.105769230769231 52 104
1 0.58 5.176923076923077 25 65
1 22.333333333333332 5.854838709677419 60 124
