1 17.869230769230768 4.992063492063492 65 126
1 11.69718309859155 5.321782178217822 71 101
1 2.435483870967742 5.34375 62 128
1 29.543478260869566 4.716867469879518 46 83
1 23.28787878787879 4.594594594594595 33 74
1 31.442857142857143 4.71505376344086 35 93
1 9.808641975308642 7.2974683544303796 81 79
1 10.7 4.728260869565218 55 92
1 44.0 4.666666666666667 34 96
1 16.204545454545453 5.147058823529412 44 85
1 12.378048780487806 4.7631578947368425 41 95
1 8.807692307692308 5.004273504273504 91 117
1 9.777777777777779 5.130434782608695 36 92
1 1.75 5.028169014084507 72 142
1 21.405405405405407 4.955223880597015 74 134
1 27.65 4.742424242424242 60 99
1 59.564516129032256 4.235294117647059 31 68
