1 24.82 4.932 50 125
1 16.442307692307693 7.404109589041096 52 73
1 5.533898305084746 4.727941176470588 59 136
1 40.72222222222222 4.4655172413793105 36 87
1 23.86842105263158 4.852112676056338 38 71
1 34.642857142857146 4.717391304347826 35 92
1 12.133802816901408 9.827586206896552 71 58
1 13.172413793103448 6.216216216216216 58 74
1 6.2 4.6688311688311686 30 77
1 39.30487804878049 4.5606060606060606 41 99
1 14.60344827586207 4.848314606741573 58 89
1 18.764705882352942 4.614583333333333 34 96
1 2.34 5.175 25 80
1 10.462025316455696 5.022123893805309 79 113
1 4.666666666666667 5.333333333333333 18 42
1 57.96153846153846 43.857142857142854 13 14
1 7.186567164179104 5.5 67 86
1 4.453125 5.08955223880597 64 134
1 23.528985507246375 5.285714285714286 69 126
1 29.67241379310345 4.984210526315789 58 95
