1 14.631578947368421 5.817073170731708 76 123
1 14.99367088607595 6.24 79 100
1 6.68 5.391089108910891 50 101
1 46.225 5.2894736842105265 40 76
1 48.6764705882353 5.3125 34 64
1 18.453125 7.694805194805195 64 77
1 6.567796610169491 5.2669172932330826 59 133
1 27.337209302325583 5.284810126582278 43 79
1 24.833333333333332 5.589285714285714 24 56
1 39.01282051282051 5.564516129032258 39 62
1 34.92857142857143 6.633333333333334 28 45
1 35.47142857142857 5.2368421052631575 35 76
1 28.283783783783782 5.222222222222222 37 72
1 15.214285714285714 5.512195121951219 42 82
1 57.07142857142857 7.629032258064516 14 31
1 60.25 42.56666666666667 20 15
1 15.435483870967742 5.93859649122807 31 57
1 8.959016393442623 5.684210526315789 61 114
1 2.3867924528301887 4.9672897196261685 53 107
1 15.552631578947368 6.359649122807017 76 114
