1 10.438053097345133 4.95398773006135 113 163
1 21.67391304347826 4.024193548387097 46 124
1 10.511904761904763 4.0210084033613445 84 119
1 15.905063291139241 4.293103448275862 79 145
1 47.63513513513514 3.3395061728395063 37 81
1 29.442307692307693 3.757142857142857 52 105
1 18.655844155844157 7.108108108108108 77 74
1 24.211111111111112 3.947058823529412 45 85
1 20.393617021276597 4.264705882352941 47 68
1 19.75925925925926 3.995049504950495 54 101
1 19.728070175438596 4.022388059701493 57 67
1 33.7 3.9915254237288136 30 59
1 29.106060606060606 3.771604938271605 33 81
1 19.84285714285714 3.489247311827957 35 93
1 7.364864864864865 3.688679245283019 37 106
1 8.277777777777779 3.5166666666666666 27 60
1 21.318181818181817 47.40909090909091 22 11
