1 34.14 6.027472527472527 50 91
1 14.565217391304348 6.316901408450704 46 71
1 9.11111111111111 6.25531914893617 72 94
1 28.46 6.8924050632911396 50 79
1 45.40625 5.902777777777778 32 72
1 25.58108108108108 6.565573770491803 37 61
1 93.20588235294117 7.521739130434782 17 46
1 76.26 6.414285714285715 25 70
1 44.205882352941174 5.9714285714285715 34 70
1 27.095238095238095 6.557971014492754 42 69
1 44.404761904761905 8.346153846153847 21 39
1 25.4 63.75 10 8
1 41.5 6.885964912280702 22 57
1 14.903508771929825 5.712328767123288 57 146
1 5.166666666666667 5.785714285714286 45 91
1 1.911764705882353 6.409090909090909 34 66
