1 13.533333333333333 5.122222222222222 60 135
1 19.85185185185185 5.698019801980198 54 101
1 44.403225806451616 5.337837837837838 31 74
1 36.403225806451616 5.387096774193548 31 62
1 17.0 4.9495412844036695 52 109
1 1.7345679012345678 5.257352941176471 81 136
1 16.833333333333332 5.123529411764705 45 85
1 2.6875 5.548387096774194 32 62
1 40.214285714285715 5.8108108108108105 35 74
1 40.34 5.4393939393939394 25 66
1 15.166666666666666 6.4411764705882355 24 51
1 21.772727272727273 5.383116883116883 33 77
1 12.78888888888889 5.102564102564102 45 78
1 5.846938775510204 5.306451612903226 49 93
1 16.026315789473685 7.128571428571429 19 35
1 96.42857142857143 45.80769230769231 14 13
1 0.5 5.514285714285714 28 70
1 0.6805555555555556 6.285714285714286 72 112
1 12.85064935064935 5.894957983193278 77 119
1 33.22093023255814 5.623595505617978 43 89
