1 16.48230088495575 4.773255813953488 113 172
1 24.729166666666668 4.044715447154472 48 123
1 13.637254901960784 3.9375 51 112
1 12.47938144329897 4.563380281690141 97 142
1 39.81707317073171 3.9095238095238094 41 105
1 24.616666666666667 4.166666666666667 60 114
1 23.344827586206897 3.708791208791209 58 91
1 28.257575757575758 3.6923076923076925 33 78
1 21.39855072463768 3.9285714285714284 69 105
1 24.833333333333332 3.302469135802469 63 81
1 40.21875 3.4545454545454546 32 66
1 27.931818181818183 3.412087912087912 44 91
1 26.014285714285716 3.3421052631578947 35 95
1 8.010204081632653 3.9752475247524752 49 101
1 13.61111111111111 3.5 27 60
1 28.807692307692307 44.833333333333336 13 12
1 1.8333333333333333 3.4574468085106385 42 94
