1 41.411764705882355 5.695652173913044 34 92
1 12.23076923076923 5.973684210526316 52 76
1 12.702898550724637 6.385714285714286 69 105
1 37.95652173913044 5.5 46 87
1 33.8 5.906593406593407 40 91
1 32.025 5.708333333333333 40 72
1 26.20967741935484 6.61864406779661 31 59
1 45.04838709677419 7.0 31 48
1 53.53333333333333 5.526666666666666 30 75
1 43.0 5.570422535211268 28 71
1 20.772727272727273 5.425925925925926 33 81
1 32.65 7.127906976744186 20 43
1 57.6 61.625 10 8
1 13.878378378378379 6.686440677966102 37 59
1 9.097402597402597 6.736641221374046 77 131
