1 24.296610169491526 5.303149606299213 59 127
1 15.051020408163266 5.036 49 125
1 27.3 4.549382716049383 35 81
1 14.241935483870968 4.5 31 75
1 13.915094339622641 4.775229357798165 53 109
1 3.173076923076923 5.183333333333334 52 120
1 2.388888888888889 4.479166666666667 54 96
1 22.744444444444444 4.567415730337078 45 89
1 6.5638297872340425 4.524096385542169 47 83
1 5.95945945945946 4.578651685393258 37 89
1 95.44117647058823 46.911764705882355 17 17
1 21.513513513513512 6.12037037037037 74 108
1 24.357142857142858 4.9 56 95
1 45.861111111111114 4.253846153846154 36 65
1 26.557142857142857 5.03030303030303 70 132
