1 14.881578947368421 5.393939393939394 76 132
1 12.416666666666666 4.932 60 125
1 20.272727272727273 4.744186046511628 44 86
1 4.788461538461538 4.879746835443038 52 79
1 17.7 4.765486725663717 40 113
1 0.9347826086956522 4.868794326241135 46 141
1 20.625 5.084269662921348 48 89
1 2.0 4.865591397849462 56 93
1 0.5 4.752525252525253 32 99
1 105.96666666666667 56.714285714285715 15 14
1 25.53174603174603 6.769230769230769 63 104
1 27.04 4.752427184466019 50 103
1 54.88461538461539 4.559701492537314 26 67
1 29.39830508474576 4.988188976377953 59 127
