1 10.173684210526316 5.546511627906977 95 129
1 13.585365853658537 5.867924528301887 82 106
1 4.0 5.25 54 104
1 31.57547169811321 5.443661971830986 53 71
1 35.74390243902439 5.45 41 60
1 15.195652173913043 6.313186813186813 69 91
1 2.5097087378640777 5.929752066115703 103 121
1 23.363636363636363 5.030864197530864 44 81
1 19.58695652173913 5.609090909090909 23 55
1 33.15384615384615 5.722222222222222 52 72
1 34.73076923076923 6.035714285714286 39 56
1 25.403225806451612 6.636363636363637 31 44
1 30.52857142857143 5.542253521126761 35 71
1 18.54255319148936 5.0479452054794525 47 73
1 10.75531914893617 5.03932584269663 47 89
1 43.233333333333334 7.241935483870968 15 31
1 76.61764705882354 45.5 17 15
1 8.743243243243244 5.516393442622951 37 61
1 9.188888888888888 5.7727272727272725 45 110
1 13.134146341463415 6.546296296296297 82 108
1 29.783333333333335 6.823943661971831 60 71
