1 9.14655172413793 5.169064748201439 116 139
1 12.024590163934427 5.025 61 120
1 26.042857142857144 4.755813953488372 35 86
1 6.2317073170731705 4.841772151898734 41 79
1 18.7972972972973 4.685840707964601 37 113
1 1.1964285714285714 4.730769230769231 56 143
1 32.3125 4.945652173913044 32 92
1 2.026315789473684 4.611111111111111 57 99
1 0.5 4.833333333333333 10 99
1 103.36666666666666 51.214285714285715 15 14
1 29.0 4.782608695652174 54 138
1 34.275 4.566037735849057 40 106
1 40.871428571428574 4.470149253731344 35 67
1 27.57936507936508 4.861538461538461 63 130
