1 22.615384615384617 5.537383177570093 52 107
1 26.075 5.489247311827957 40 93
1 9.05813953488372 4.921052631578948 43 95
1 21.5 5.402912621359223 48 103
1 39.5 4.9 45 80
1 40.983870967741936 5.269230769230769 31 65
1 46.875 5.033333333333333 32 90
1 24.517543859649123 9.741379310344827 57 58
1 39.69230769230769 5.006024096385542 26 83
1 27.796296296296298 5.3125 27 64
1 46.294871794871796 5.2701149425287355 39 87
1 32.18292682926829 5.012195121951219 41 82
1 13.431034482758621 5.035714285714286 29 84
1 27.025 5.4743589743589745 40 78
1 21.142857142857142 5.860655737704918 28 61
1 13.395833333333334 5.170329670329671 48 91
1 39.1875 5.961538461538462 16 39
1 62.76315789473684 46.0 19 14
1 23.453488372093023 5.198795180722891 43 83
1 11.023809523809524 5.166666666666667 42 114
1 6.35 4.954545454545454 40 99
1 28.653846153846153 5.8628318584070795 52 113
1 30.275862068965516 5.424731182795699 58 93
