1 20.57843137254902 4.797872340425532 51 141
1 13.89655172413793 5.737113402061856 58 97
1 37.75806451612903 4.511627906976744 31 86
1 15.014285714285714 4.216049382716049 35 81
1 25.87142857142857 4.651515151515151 35 99
1 8.387096774193548 5.851351351351352 62 111
1 5.2 4.712765957446808 50 94
1 35.0945945945946 4.583333333333333 37 96
1 10.077777777777778 4.520833333333333 45 96
1 5.4772727272727275 4.509803921568627 44 102
1 7.411764705882353 5.237704918032787 68 122
1 31.08823529411765 41.3235294117647 17 17
1 1.2301587301587302 4.433333333333334 63 105
1 20.86 5.2795275590551185 75 127
1 37.19047619047619 4.66 42 100
1 56.39655172413793 3.8380281690140845 29 71
