1 11.104395604395604 4.658940397350993 91 151
1 16.152173913043477 5.74 46 100
1 26.833333333333332 4.333333333333333 39 90
1 11.441176470588236 4.4375 34 80
1 22.32857142857143 4.528301886792453 35 106
1 2.5661157024793386 5.885964912280702 121 114
1 1.4736842105263157 4.872340425531915 38 94
1 28.11904761904762 4.47979797979798 42 99
1 5.7745098039215685 4.410891089108911 51 101
1 1.6428571428571428 4.567961165048544 49 103
1 0.8206106870229007 5.007352941176471 131 136
1 27.607142857142858 43.833333333333336 28 18
1 24.140625 5.267441860465116 64 129
1 35.214285714285715 4.638613861386139 42 101
1 44.794117647058826 4.007246376811594 34 69
1 39.479166666666664 4.8515625 48 128
