1 13.87037037037037 5.349624060150376 81 133
1 12.601694915254237 4.924 59 125
1 20.802325581395348 4.744186046511628 43 86
1 5.308510638297872 4.879746835443038 47 79
1 17.7 4.765486725663717 40 113
1 0.8584905660377359 4.9071428571428575 53 140
1 21.608695652173914 5.022222222222222 46 90
1 1.9912280701754386 4.876344086021505 57 93
1 0.5 4.762626262626263 31 99
1 105.56666666666666 56.42857142857143 15 14
1 25.484126984126984 6.613207547169812 63 106
1 28.208333333333332 4.701923076923077 48 104
1 54.88461538461539 4.544776119402985 26 67
1 29.39830508474576 4.988188976377953 59 127
