1 15.45945945945946 6.266355140186916 74 107
1 13.65625 4.866071428571429 64 112
1 7.7368421052631575 7.871428571428571 38 70
1 29.585106382978722 4.355421686746988 47 83
1 34.125 4.194444444444445 32 72
1 16.82758620689655 5.14 58 100
1 13.76530612244898 5.196078431372549 49 102
1 17.5 4.271739130434782 40 92
1 11.61111111111111 4.427536231884058 27 69
1 34.785714285714285 4.773809523809524 42 84
1 28.470588235294116 4.318181818181818 34 77
1 5.890243902439025 5.1923076923076925 41 65
1 18.60810810810811 5.5 37 69
1 17.887096774193548 4.41764705882353 31 85
1 3.932098765432099 5.846938775510204 81 98
1 29.166666666666668 5.138888888888889 15 36
1 73.5952380952381 41.85294117647059 21 17
1 1.0357142857142858 4.837078651685394 56 89
1 1.7903225806451613 4.722222222222222 93 126
1 0.9210526315789473 4.93 38 100
1 16.07608695652174 5.7342342342342345 92 111
1 25.453125 4.954545454545454 64 99
