1 54.564516129032256 6.408045977011494 31 87
1 10.37719298245614 6.26056338028169 57 71
1 13.662790697674419 6.641176470588236 43 85
1 25.70754716981132 6.232558139534884 53 86
1 59.34615384615385 5.972222222222222 26 72
1 36.68518518518518 6.973684210526316 27 57
1 58.0 8.768292682926829 28 41
1 58.96875 6.414285714285715 32 70
1 58.31481481481482 6.1911764705882355 27 68
1 31.0 6.25 38 72
1 54.611111111111114 9.414285714285715 18 35
1 23.27777777777778 62.75 9 8
1 53.77777777777778 6.5344827586206895 18 58
1 11.326666666666666 5.942028985507246 75 138
1 8.527777777777779 5.826086956521739 36 92
1 6.287878787878788 7.517543859649122 33 57
