1 17.008196721311474 7.021739130434782 61 92
1 19.310344827586206 5.822222222222222 58 90
1 5.012820512820513 4.717391304347826 39 92
1 16.68421052631579 6.465909090909091 38 88
1 37.5 4.833333333333333 45 84
1 40.77777777777778 4.963768115942029 36 69
1 21.90740740740741 5.27 54 100
1 20.80952380952381 5.47 42 100
1 24.174418604651162 5.0 43 88
1 27.891304347826086 5.140625 23 64
1 39.95454545454545 5.1395348837209305 44 86
1 36.44444444444444 4.639240506329114 36 79
1 20.080645161290324 5.564516129032258 31 62
1 37.27777777777778 4.86144578313253 27 83
1 21.775 5.0125 40 80
1 7.348837209302325 5.076923076923077 86 104
1 40.973684210526315 5.905405405405405 19 37
1 45.30952380952381 25.08823529411765 21 17
1 7.691489361702128 5.327160493827161 47 81
1 14.207317073170731 6.421348314606742 41 89
1 7.896551724137931 5.510869565217392 58 92
1 21.425373134328357 7.976190476190476 67 84
1 39.19565217391305 5.272277227722772 46 101
