1 22.24 4.7611940298507465 50 134
1 12.753731343283581 5.280952380952381 67 105
1 33.08974358974359 4.534883720930233 39 86
1 20.439393939393938 4.593333333333334 33 75
1 31.96875 4.721052631578948 32 95
1 13.00909090909091 6.385416666666667 55 96
1 8.669811320754716 4.8478260869565215 53 92
1 37.36842105263158 4.666666666666667 38 96
1 13.23913043478261 4.682795698924731 46 93
1 10.036585365853659 4.5 41 101
1 10.387323943661972 5.376106194690266 71 113
1 5.32 5.206521739130435 50 92
1 28.125 5.130769230769231 56 130
1 30.68867924528302 5.095744680851064 53 94
1 50.214285714285715 4.176470588235294 35 68
