1 22.5 5.573770491803279 64 122
1 14.307692307692308 5.085365853658536 52 123
1 23.5 4.512345679012346 41 81
1 17.96153846153846 4.5 26 74
1 15.75531914893617 4.662162162162162 47 111
1 3.86734693877551 5.211864406779661 49 118
1 2.533333333333333 4.4375 60 96
1 22.074468085106382 4.544943820224719 47 89
1 7.659090909090909 4.392857142857143 44 84
1 5.411111111111111 4.455555555555556 45 90
1 95.20588235294117 47.029411764705884 17 17
1 22.8 6.111111111111111 70 108
1 23.21186440677966 4.889473684210526 59 95
1 45.41891891891892 4.151515151515151 37 66
1 27.05072463768116 5.041353383458647 69 133
