1 30.605263157894736 5.7439024390243905 57 123
1 33.61363636363637 6.302197802197802 44 91
1 3.357142857142857 5.6506849315068495 35 73
1 10.433333333333334 6.634146341463414 45 82
1 45.73684210526316 5.4504950495049505 38 101
1 14.882352941176471 6.107843137254902 68 102
1 60.23076923076923 6.128571428571429 26 70
1 40.88095238095238 6.537037037037037 21 54
1 59.38 7.455555555555556 25 45
1 54.53333333333333 5.972222222222222 30 72
1 55.092592592592595 5.683098591549296 27 71
1 33.706896551724135 6.4 29 70
1 66.6875 7.368421052631579 16 38
1 31.423076923076923 26.5 13 10
1 35.80434782608695 6.372727272727273 23 55
1 11.671875 5.714285714285714 64 140
1 8.175 5.721052631578948 40 95
1 6.076923076923077 6.032258064516129 26 62
1 31.635593220338983 6.337606837606837 59 117
