1 21.275510204081634 5.079831932773109 49 119
1 27.69047619047619 5.5 42 92
1 2.8191489361702127 4.870786516853933 47 89
1 16.026315789473685 6.454545454545454 38 88
1 40.19047619047619 4.735294117647059 42 85
1 49.266666666666666 5.196969696969697 30 66
1 29.9 5.585106382978723 40 94
1 17.418367346938776 5.354368932038835 49 103
1 27.986486486486488 4.672043010752688 37 93
1 29.5 5.32258064516129 21 62
1 38.81111111111111 5.086206896551724 45 87
1 35.97222222222222 4.6645569620253164 36 79
1 22.642857142857142 5.666666666666667 28 60
1 37.166666666666664 5.0875 27 80
1 26.11764705882353 4.594117647058823 34 85
1 7.7105263157894735 8.82258064516129 76 62
1 47.9375 5.95945945945946 16 37
1 34.73809523809524 26.166666666666668 21 18
1 11.235294117647058 5.179012345679013 34 81
1 14.475 7.474683544303797 40 79
1 10.295918367346939 4.9950495049504955 49 101
1 29.744897959183675 5.848623853211009 49 109
1 41.63953488372093 4.962264150943396 43 106
