1 33.88297872340426 6.4523809523809526 47 84
1 13.5 6.222222222222222 45 72
1 10.563492063492063 6.521052631578947 63 95
1 47.42307692307692 6.422077922077922 39 77
1 24.219298245614034 6.560975609756097 57 82
1 34.63157894736842 6.065217391304348 38 69
1 25.875 6.140625 32 64
1 66.54545454545455 7.223404255319149 22 47
1 40.84090909090909 6.105633802816901 44 71
1 43.693548387096776 5.638888888888889 31 72
1 27.0 5.833333333333333 36 75
1 34.630434782608695 8.0 23 40
1 27.1 63.5 10 8
1 20.445945945945947 6.827586206896552 37 58
1 9.41566265060241 5.77891156462585 83 147
1 0.6707317073170732 5.457894736842105 41 95
