1 33.351063829787236 6.524096385542169 47 83
1 12.153061224489797 6.208333333333333 49 72
1 11.133333333333333 6.438144329896907 60 97
1 43.5 6.1835443037974684 42 79
1 26.28846153846154 6.648148148148148 52 81
1 26.357142857142858 6.036231884057971 49 69
1 22.36111111111111 5.813432835820896 36 67
1 49.706896551724135 7.159574468085107 29 47
1 43.08536585365854 6.297101449275362 41 69
1 55.208333333333336 5.513698630136986 24 73
1 25.22972972972973 5.75 37 76
1 33.32608695652174 7.95 23 40
1 26.045454545454547 62.875 11 8
1 19.472972972972972 6.737288135593221 37 59
1 7.702020202020202 6.063380281690141 99 142
