1 14.847826086956522 7.184782608695652 69 92
1 17.916666666666668 5.638297872340425 60 94
1 4.074468085106383 4.594736842105263 47 95
1 15.012195121951219 5.802083333333333 41 96
1 37.01111111111111 4.747058823529412 45 85
1 39.888888888888886 4.871428571428571 36 70
1 21.82075471698113 5.196078431372549 53 102
1 20.174418604651162 5.51010101010101 43 99
1 23.546511627906977 4.844444444444444 43 90
1 24.78 5.053846153846154 25 65
1 35.43877551020408 5.063218390804598 49 87
1 37.94117647058823 4.6923076923076925 34 78
1 18.28125 5.596774193548387 32 62
1 34.92857142857143 4.837349397590361 28 83
1 20.573170731707318 4.944444444444445 41 81
1 8.842857142857143 6.488505747126437 70 87
1 46.9375 5.851351351351352 16 37
1 50.166666666666664 25.676470588235293 21 17
1 7.173913043478261 5.011627906976744 46 86
1 11.76086956521739 6.166666666666667 46 93
1 7.481481481481482 5.329787234042553 54 94
1 19.58219178082192 7.813953488372093 73 86
1 31.910714285714285 5.33 56 100
