1 13.820987654320987 6.266355140186916 81 107
1 13.746153846153845 4.830357142857143 65 112
1 0.5 4.221153846153846 18 104
1 8.973684210526315 4.830275229357798 38 109
1 28.127450980392158 4.309523809523809 51 84
1 35.65625 4.3428571428571425 32 70
1 16.06451612903226 5.15 62 100
1 13.12962962962963 5.458762886597938 54 97
1 20.694444444444443 4.198924731182796 36 93
1 9.5 4.746153846153846 38 65
1 28.75 4.809523809523809 52 84
1 28.13888888888889 4.318181818181818 36 77
1 9.338709677419354 5.115384615384615 31 65
1 16.386363636363637 4.769230769230769 44 78
1 16.583333333333332 4.394117647058824 36 85
1 4.881578947368421 7.0 76 84
1 37.11538461538461 4.878378378378378 13 37
1 72.4047619047619 44.38235294117647 21 17
1 1.3955223880597014 5.0 67 86
1 2.7560975609756095 4.571428571428571 82 126
1 1.1935483870967742 4.944444444444445 62 99
1 19.31578947368421 5.7342342342342345 76 111
1 29.589285714285715 5.297872340425532 56 94
