1 14.131578947368421 4.8125 76 128
1 13.918181818181818 4.205882352941177 55 119
1 10.38888888888889 4.322222222222222 63 135
1 51.378787878787875 3.6237113402061856 33 97
1 31.352941176470587 3.8375 34 80
1 28.73404255319149 4.2254901960784315 47 102
1 14.451219512195122 9.09375 82 64
1 19.602564102564102 7.313559322033898 39 59
1 10.04054054054054 3.8209876543209877 37 81
1 32.0 4.109523809523809 56 105
1 18.29032258064516 4.0 62 100
1 17.9 4.01 45 100
1 4.257575757575758 4.360759493670886 33 79
1 5.55 4.055555555555555 60 117
1 10.944444444444445 3.5425531914893615 18 47
1 44.14705882352941 47.642857142857146 17 14
1 14.669811320754716 4.551020408163265 53 98
1 0.6159420289855072 4.264705882352941 69 153
1 20.0 5.130769230769231 72 130
1 29.603448275862068 4.318181818181818 58 110
