1 11.76771653543307 4.428571428571429 127 182
1 22.770833333333332 3.893700787401575 48 127
1 9.430232558139535 3.8846153846153846 86 117
1 16.633333333333333 4.43006993006993 75 143
1 65.67241379310344 2.9157303370786516 29 89
1 33.97826086956522 3.7452830188679247 46 106
1 24.188524590163933 4.232142857142857 61 112
1 31.243589743589745 3.4680851063829787 39 94
1 27.852941176470587 3.82 34 75
1 21.93859649122807 4.166666666666667 57 99
1 26.76 3.636986301369863 50 73
1 37.04838709677419 3.626984126984127 31 63
1 28.5 3.7560975609756095 38 82
1 22.13888888888889 3.2731958762886597 36 97
1 5.5344827586206895 3.8300970873786406 58 103
1 9.633333333333333 3.433333333333333 30 60
1 24.73076923076923 42.75 13 12
