1 15.324324324324325 5.393939393939394 74 132
1 12.416666666666666 4.94 60 125
1 19.81111111111111 4.744186046511628 45 86
1 4.611111111111111 4.8924050632911396 54 79
1 17.725 4.765486725663717 40 113
1 0.9651162790697675 4.868794326241135 43 141
1 20.583333333333332 5.1477272727272725 48 88
1 2.0 4.865591397849462 56 93
1 0.5 4.752525252525253 32 99
1 106.1 56.92857142857143 15 14
1 25.563492063492063 6.849514563106796 63 103
1 27.0 4.762135922330097 50 103
1 54.88461538461539 4.559701492537314 26 67
1 29.39830508474576 4.988188976377953 59 127
