1 31.744444444444444 5.28030303030303 45 132
1 28.541666666666668 5.38785046728972 48 107
1 10.973684210526315 5.614583333333333 38 96
1 90.88095238095238 5.76984126984127 21 63
1 30.04 5.651515151515151 50 99
1 11.570175438596491 5.166666666666667 57 129
1 48.08620689655172 5.2215189873417724 29 79
1 32.02173913043478 5.972727272727273 23 55
1 60.741379310344826 5.294117647058823 29 68
1 46.351851851851855 6.627659574468085 27 47
1 44.34848484848485 5.635135135135135 33 74
1 49.96153846153846 5.361111111111111 26 72
1 25.439393939393938 5.60126582278481 33 79
1 60.0625 6.797297297297297 16 37
1 30.0 25.32608695652174 20 23
1 25.76923076923077 5.793103448275862 26 58
1 12.38679245283019 5.0588235294117645 53 136
1 5.966666666666667 5.037735849056604 45 106
1 1.8793103448275863 5.596774193548387 29 62
1 21.485294117647058 5.7063492063492065 68 126
