1 34.329787234042556 6.394117647058824 47 85
1 14.69047619047619 6.222222222222222 42 72
1 10.207692307692307 6.553191489361702 65 94
1 50.5 6.66 37 75
1 22.811475409836067 6.560975609756097 61 82
1 46.08620689655172 6.094202898550725 29 69
1 30.25 6.483606557377049 28 61
1 87.26470588235294 7.434782608695652 17 46
1 38.797872340425535 5.924657534246576 47 73
1 36.28947368421053 5.767605633802817 38 71
1 28.67142857142857 5.9324324324324325 35 74
1 35.71739130434783 8.025 23 40
1 26.4 63.875 10 8
1 21.256756756756758 6.93859649122807 37 57
1 11.557971014492754 5.519736842105263 69 152
1 1.2959183673469388 5.40625 49 96
