1 17.7972972972973 4.896825396825397 74 126
1 18.819148936170212 4.784313725490196 47 102
1 11.255102040816327 4.606060606060606 49 132
1 38.20454545454545 3.9842105263157896 44 95
1 32.26470588235294 4.1375 34 80
1 32.127906976744185 4.458762886597938 43 97
1 14.913333333333334 10.663636363636364 75 55
1 22.33783783783784 4.059633027522936 37 109
1 11.970588235294118 4.37012987012987 34 77
1 40.630434782608695 4.264150943396227 46 106
1 28.294871794871796 4.21 39 100
1 21.86842105263158 7.048387096774194 38 62
1 7.82258064516129 4.660493827160494 31 81
1 9.590909090909092 4.653153153153153 66 111
1 14.0 4.5227272727272725 18 44
1 56.57142857142857 51.083333333333336 14 12
1 19.022727272727273 4.813131313131313 44 99
1 4.554054054054054 4.93609022556391 74 133
1 20.042168674698797 5.301652892561983 83 121
1 32.482142857142854 4.803030303030303 56 99
