1 17.366666666666667 6.262376237623762 60 101
1 21.903846153846153 5.943181818181818 52 88
1 5.328571428571428 4.752747252747253 35 91
1 17.555555555555557 7.590909090909091 36 77
1 35.96808510638298 5.1375 47 80
1 56.84615384615385 5.141791044776119 26 67
1 22.846153846153847 5.469072164948454 52 97
1 20.904761904761905 5.430693069306931 42 101
1 23.75 5.0227272727272725 44 88
1 29.272727272727273 5.214285714285714 22 63
1 40.91860465116279 5.0 43 88
1 36.52777777777778 4.639240506329114 36 79
1 26.416666666666668 5.516129032258065 24 62
1 32.693548387096776 4.849397590361446 31 83
1 23.07894736842105 4.841463414634147 38 82
1 7.1477272727272725 5.448453608247423 88 97
1 41.13157894736842 5.9324324324324325 19 37
1 42.166666666666664 24.055555555555557 21 18
1 7.946808510638298 5.277777777777778 47 81
1 13.144444444444444 6.794117647058823 45 85
1 9.54 5.446236559139785 50 93
1 24.033333333333335 7.744186046511628 60 86
1 40.97727272727273 5.35 44 100
