1 8.164 4.874149659863946 125 147
1 18.115384615384617 5.047008547008547 39 117
1 25.72222222222222 4.660919540229885 36 87
1 6.675 4.560975609756097 40 82
1 20.11764705882353 4.985714285714286 34 105
1 1.0925925925925926 4.708333333333333 81 144
1 21.622448979591837 4.78421052631579 49 95
1 2.3983050847457625 4.671717171717172 59 99
1 54.129629629629626 51.285714285714285 27 14
1 17.941860465116278 5.476190476190476 86 126
1 34.55 4.509433962264151 40 106
1 43.40909090909091 4.185714285714286 33 70
1 25.41304347826087 4.7727272727272725 69 132
