1 31.73913043478261 5.376923076923077 46 130
1 27.66 5.433962264150943 50 106
1 11.105263157894736 5.73404255319149 38 94
1 31.8125 5.714285714285714 48 98
1 12.833333333333334 5.566666666666666 54 120
1 48.706896551724135 5.383116883116883 29 77
1 32.58695652173913 6.027272727272727 23 55
1 59.56666666666667 5.338235294117647 30 68
1 47.27777777777778 6.826086956521739 27 46
1 46.25 5.635135135135135 32 74
1 50.73076923076923 5.388888888888889 26 72
1 25.893939393939394 5.5125 33 80
1 60.8125 6.878378378378378 16 37
1 31.833333333333332 25.357142857142858 18 21
1 26.384615384615383 5.810344827586207 26 58
1 11.710526315789474 5.929752066115703 57 121
1 6.383720930232558 5.153846153846154 43 104
1 2.2857142857142856 5.645161290322581 28 62
1 21.47142857142857 5.673228346456693 70 127
