1 42.73684210526316 6.511764705882353 38 85
1 11.368421052631579 6.65625 38 64
1 13.380952380952381 6.512195121951219 42 82
1 27.677777777777777 8.235294117647058 45 68
1 54.666666666666664 5.842465753424658 30 73
1 36.870370370370374 6.714285714285714 27 56
1 74.72727272727273 8.8 22 40
1 47.31578947368421 7.0396825396825395 38 63
1 51.854838709677416 6.877049180327869 31 61
1 47.333333333333336 6.787878787878788 24 66
1 62.55882352941177 9.235294117647058 17 34
1 27.27777777777778 69.64285714285714 9 7
1 48.5 7.861702127659575 20 47
1 16.34313725490196 5.751798561151079 51 139
1 6.978260869565218 5.712765957446808 46 94
1 8.733333333333333 7.609090909090909 30 55
