1 29.771186440677965 5.693548387096774 59 124
1 33.68181818181818 6.366666666666666 44 90
1 3.4722222222222223 5.554054054054054 36 74
1 10.03191489361702 6.722222222222222 47 81
1 45.94736842105263 5.382352941176471 38 102
1 15.96875 6.133663366336633 64 101
1 62.9 6.128571428571429 25 70
1 43.2 6.688679245283019 20 53
1 59.74 7.477777777777778 25 45
1 56.672413793103445 6.063380281690141 29 71
1 57.46153846153846 5.683098591549296 26 71
1 33.87931034482759 6.4 29 70
1 71.36666666666666 7.394736842105263 15 38
1 31.03846153846154 26.0 13 10
1 34.583333333333336 6.518518518518518 24 54
1 11.561538461538461 5.640845070422535 65 142
1 8.225 5.731578947368421 40 95
1 6.5 6.048387096774194 25 62
1 32.973684210526315 6.465217391304348 57 115
