1 16.942622950819672 7.627906976744186 61 86
1 18.15573770491803 5.752747252747253 61 91
1 4.914634146341464 4.682795698924731 41 93
1 15.875 5.878947368421053 40 95
1 38.31818181818182 4.674418604651163 44 86
1 33.98837209302326 4.885714285714286 43 70
1 21.445454545454545 5.137254901960785 55 102
1 20.785714285714285 5.47 42 100
1 24.666666666666668 4.915730337078652 42 89
1 25.62 5.053846153846154 25 65
1 39.90909090909091 5.1395348837209305 44 86
1 36.388888888888886 4.651898734177215 36 79
1 17.585714285714285 5.596774193548387 35 62
1 40.1 4.86144578313253 25 83
1 21.134146341463413 5.1075949367088604 41 79
1 7.452941176470588 4.87962962962963 85 108
1 40.86842105263158 5.878378378378378 19 37
1 46.785714285714285 24.91176470588235 21 17
1 7.5212765957446805 5.364197530864198 47 81
1 14.807692307692308 6.173913043478261 39 92
1 7.071428571428571 5.510869565217392 63 92
1 20.14788732394366 8.114457831325302 71 83
1 38.351063829787236 5.262376237623762 47 101
