1 42.21052631578947 6.293103448275862 38 87
1 13.051724137931034 6.2727272727272725 29 66
1 14.894736842105264 5.8522727272727275 38 88
1 41.94827586206897 7.527027027027027 29 74
1 69.125 5.566666666666666 24 75
1 57.85294117647059 6.7407407407407405 17 54
1 86.28947368421052 7.75 19 44
1 40.45454545454545 6.338235294117647 44 68
1 66.91666666666667 7.155172413793103 24 58
1 28.576923076923077 6.326086956521739 39 69
1 63.794117647058826 8.094594594594595 17 37
1 27.7 40.4 10 10
1 38.38 7.648936170212766 25 47
1 12.7 5.6571428571428575 65 140
1 9.242857142857142 5.659574468085107 35 94
1 5.855555555555555 6.931034482758621 45 58
