1 16.846666666666668 4.8046875 75 128
1 14.364406779661017 4.876237623762377 59 101
1 9.09016393442623 4.492592592592593 61 135
1 45.41891891891892 3.875 37 96
1 24.681818181818183 4.158227848101266 44 79
1 22.75 4.3 60 100
1 15.243243243243244 10.718181818181819 74 55
1 20.833333333333332 4.185714285714286 39 105
1 10.944444444444445 4.230769230769231 36 78
1 32.60526315789474 4.336538461538462 57 104
1 34.8125 4.078431372549019 32 102
1 19.9390243902439 7.62280701754386 41 57
1 6.951612903225806 4.58641975308642 31 81
1 7.680555555555555 4.438053097345133 72 113
1 13.382352941176471 4.233333333333333 17 45
1 55.07142857142857 48.11538461538461 14 13
1 16.637254901960784 4.5576923076923075 51 104
1 3.5 4.634751773049645 76 141
1 23.268115942028984 5.333333333333333 69 120
1 28.903225806451612 4.509615384615385 62 104
