1 41.55882352941177 5.926966292134831 34 89
1 11.219298245614034 6.073333333333333 57 75
1 11.930555555555555 6.549019607843137 72 102
1 37.244680851063826 5.688235294117647 47 85
1 29.41304347826087 5.873626373626373 46 91
1 27.652173913043477 5.609589041095891 46 73
1 28.535714285714285 6.775862068965517 28 58
1 46.43333333333333 6.86734693877551 30 49
1 55.63793103448276 5.566666666666666 29 75
1 44.68518518518518 5.685714285714286 27 70
1 20.529411764705884 5.353658536585366 34 82
1 36.5 6.811111111111111 18 45
1 57.9 61.25 10 8
1 15.157142857142857 6.844827586206897 35 58
1 9.14935064935065 6.492592592592593 77 135
