1 32.77906976744186 5.754098360655738 43 122
1 29.543478260869566 5.452830188679245 46 106
1 10.602564102564102 5.469387755102041 39 98
1 86.31818181818181 5.561538461538461 22 65
1 32.15217391304348 5.59 46 100
1 11.572727272727272 5.1976744186046515 55 129
1 47.672413793103445 5.1375 29 80
1 33.22727272727273 5.954545454545454 22 55
1 60.258620689655174 5.365671641791045 29 67
1 47.5 6.760869565217392 26 46
1 45.34375 5.513333333333334 32 75
1 47.611111111111114 5.361111111111111 27 72
1 23.67142857142857 5.438271604938271 35 81
1 59.5625 6.77027027027027 16 37
1 28.954545454545453 27.59090909090909 22 22
1 25.384615384615383 5.793103448275862 26 58
1 12.11111111111111 4.988888888888889 54 135
1 5.585106382978723 5.080952380952381 47 105
1 1.5689655172413792 5.468253968253968 29 63
1 22.4375 5.722222222222222 64 126
