1 21.55263157894737 4.956 57 125
1 15.285714285714286 6.6234567901234565 56 81
1 5.324561403508772 4.742647058823529 57 136
1 40.19444444444444 4.454022988505747 36 87
1 23.36842105263158 4.852112676056338 38 71
1 35.1764705882353 4.717391304347826 34 92
1 10.740506329113924 12.542553191489361 79 47
1 13.078947368421053 6.402777777777778 57 72
1 5.785714285714286 4.602564102564102 28 78
1 43.0945945945946 4.654639175257732 37 97
1 14.821428571428571 4.994252873563219 56 87
1 18.264705882352942 4.625 34 96
1 1.5 5.272151898734177 24 79
1 10.75974025974026 5.13963963963964 77 111
1 2.8 5.309523809523809 20 42
1 58.65384615384615 44.07142857142857 13 14
1 8.726415094339623 5.419540229885057 53 87
1 4.306451612903226 5.036764705882353 62 136
1 20.424050632911392 5.064885496183206 79 131
1 33.51960784313726 5.173913043478261 51 92
