1 25.219298245614034 5.459677419354839 57 124
1 15.051020408163266 5.004 49 125
1 27.442857142857143 4.512345679012346 35 81
1 20.772727272727273 4.513513513513513 22 74
1 15.75531914893617 4.709090909090909 47 110
1 3.988888888888889 5.220338983050848 45 118
1 2.1029411764705883 4.458333333333333 68 96
1 20.62 4.477777777777778 50 90
1 6.968085106382978 4.404761904761905 47 84
1 5.719512195121951 4.412087912087912 41 91
1 95.1470588235294 47.61764705882353 17 17
1 20.487179487179485 6.172897196261682 78 107
1 22.401639344262296 4.878947368421053 61 95
1 41.7 4.151515151515151 40 66
1 27.79850746268657 5.1106870229007635 67 131
