1 20.43220338983051 4.928571428571429 59 126
1 13.5 5.75 63 92
1 4.279661016949152 4.962121212121212 59 132
1 37.26315789473684 4.511627906976744 38 86
1 22.18421052631579 4.75 38 72
1 34.23529411764706 4.739130434782608 34 92
1 9.892857142857142 13.727272727272727 84 44
1 12.392857142857142 5.876623376623376 56 77
1 2.77027027027027 4.575949367088608 37 79
1 42.17567567567568 4.6875 37 96
1 15.519607843137255 5.135294117647059 51 85
1 15.662162162162161 4.7 37 95
1 10.602564102564102 5.31651376146789 78 109
1 0.8333333333333334 5.285714285714286 21 42
1 59.65384615384615 44.714285714285715 13 14
1 10.782051282051283 5.148351648351649 39 91
1 3.393939393939394 4.974820143884892 66 139
1 23.1231884057971 4.877777777777778 69 135
1 37.56666666666667 5.042553191489362 45 94
