1 7.282945736434108 4.436416184971098 129 173
1 27.5 4.213114754098361 34 122
1 20.091836734693878 3.6954887218045114 49 133
1 29.045454545454547 4.206293706293707 44 143
1 63.43333333333333 3.4504950495049505 30 101
1 53.75 3.5123456790123457 32 81
1 32.208333333333336 5.178571428571429 48 84
1 34.96341463414634 4.157894736842105 41 114
1 40.72222222222222 3.895348837209302 27 86
1 44.86363636363637 3.94 22 75
1 31.375 4.014563106796117 32 103
1 33.92857142857143 3.7533333333333334 28 75
1 41.06521739130435 4.394736842105263 23 57
1 18.744444444444444 3.8875 45 80
1 16.325 3.626315789473684 40 95
1 9.25 3.68348623853211 28 109
1 7.769230769230769 3.9827586206896552 26 58
1 80.25 49.5 12 11
