1 10.607438016528926 4.747058823529412 121 170
1 21.840425531914892 4.044715447154472 47 123
1 10.391566265060241 3.908333333333333 83 120
1 17.683098591549296 4.1644295302013425 71 149
1 39.21739130434783 3.302469135802469 46 81
1 48.125 3.555045871559633 32 109
1 21.02173913043478 5.611111111111111 69 90
1 22.48 3.772727272727273 50 88
1 22.666666666666668 4.1521739130434785 42 69
1 17.40625 4.183673469387755 64 98
1 19.549180327868854 3.7714285714285714 61 70
1 32.9375 3.957627118644068 32 59
1 33.3 3.644578313253012 30 83
1 18.1 3.489247311827957 40 93
1 5.637254901960785 3.8529411764705883 51 102
1 8.944444444444445 3.466666666666667 27 60
1 19.026315789473685 43.75 19 12
