1 23.136363636363637 5.526785714285714 44 112
1 34.385714285714286 6.22289156626506 35 83
1 11.267441860465116 6.660919540229885 43 87
1 36.611111111111114 5.1375 45 80
1 57.02 5.484375 25 64
1 21.607142857142858 5.682795698924731 56 93
1 21.1 5.12280701754386 35 114
1 20.336734693877553 5.416666666666667 49 84
1 21.416666666666668 5.5 24 62
1 43.19230769230769 5.189655172413793 39 87
1 35.042857142857144 5.0 35 76
1 20.155172413793103 7.08 29 50
1 29.59375 5.2375 32 80
1 27.5 4.809523809523809 31 84
1 8.546875 5.797872340425532 64 94
1 38.166666666666664 6.785714285714286 18 35
1 35.973684210526315 22.5 19 16
1 8.573170731707316 5.422077922077922 41 77
1 11.825581395348838 5.826732673267327 43 101
1 8.29245283018868 5.200934579439252 53 107
1 28.057692307692307 5.567226890756302 52 119
1 39.65909090909091 5.321782178217822 44 101
