1 22.395833333333332 4.664285714285715 48 140
1 13.95 5.309523809523809 60 105
1 28.546511627906977 4.546511627906977 43 86
1 17.58823529411765 4.552631578947368 34 76
1 29.227272727272727 4.770833333333333 33 96
1 8.847826086956522 6.134615384615385 69 104
1 9.064102564102564 4.768817204301075 39 93
1 36.66216216216216 4.635416666666667 37 96
1 12.571428571428571 4.510416666666667 42 96
1 7.890243902439025 4.53960396039604 41 101
1 6.614583333333333 6.086538461538462 96 104
1 29.452380952380953 38.911764705882355 21 17
1 3.1607142857142856 4.871134020618556 56 97
1 27.06896551724138 5.080152671755725 58 131
1 27.110169491525422 5.155913978494624 59 93
1 58.36206896551724 4.0 29 70
