1 9.448979591836734 4.68562874251497 98 167
1 25.33783783783784 4.213114754098361 37 122
1 18.78846153846154 3.909448818897638 52 127
1 25.44 4.213286713286713 50 143
1 63.36666666666667 3.4306930693069306 30 101
1 45.026315789473685 3.55 38 80
1 29.71153846153846 4.780898876404494 52 89
1 39.52777777777778 4.267857142857143 36 112
1 30.0 3.883720930232558 36 86
1 40.875 4.034246575342466 24 73
1 19.192307692307693 4.103960396039604 52 101
1 22.151162790697676 4.3059701492537314 43 67
1 41.06521739130435 4.258620689655173 23 58
1 18.083333333333332 3.9683544303797467 48 79
1 16.55128205128205 3.6382978723404253 39 94
1 9.214285714285714 3.665137614678899 28 109
1 7.425925925925926 3.9310344827586206 27 58
1 87.5909090909091 49.31818181818182 11 11
