1 33.07446808510638 5.628 47 125
1 26.839622641509433 5.519230769230769 53 104
1 0.9230769230769231 5.871428571428571 26 70
1 10.925 6.136363636363637 40 88
1 37.31395348837209 5.833333333333333 43 96
1 14.051724137931034 5.923423423423423 58 111
1 50.56896551724138 5.833333333333333 29 72
1 35.72727272727273 6.40566037735849 22 53
1 58.1875 5.681818181818182 32 66
1 54.02 7.0 25 46
1 49.46774193548387 5.58 31 75
1 51.129629629629626 5.486111111111111 27 72
1 28.983870967741936 5.425925925925926 31 81
1 63.0 7.121621621621622 16 37
1 35.857142857142854 25.0 14 16
1 30.541666666666668 6.089285714285714 24 56
1 10.065217391304348 6.007936507936508 69 126
1 7.551282051282051 5.44949494949495 39 99
1 3.537037037037037 5.758064516129032 27 62
1 21.407894736842106 5.65625 76 128
