1 7.556451612903226 4.340909090909091 124 176
1 26.728571428571428 4.213114754098361 35 122
1 19.62 3.8 50 130
1 29.022727272727273 4.141379310344828 44 145
1 63.36666666666667 3.4504950495049505 30 101
1 43.93589743589744 3.575 39 80
1 33.608695652173914 5.088235294117647 46 85
1 34.890243902439025 4.149122807017544 41 114
1 26.621951219512194 3.895348837209302 41 86
1 44.77272727272727 3.94 22 75
1 28.757142857142856 4.0588235294117645 35 102
1 29.75 3.8424657534246576 32 73
1 41.02173913043478 4.37719298245614 23 57
1 17.791666666666668 3.9683544303797467 48 79
1 15.841463414634147 3.648936170212766 41 94
1 9.25 3.6743119266055047 28 109
1 7.5 3.9655172413793105 27 58
1 80.16666666666667 49.40909090909091 12 11
