1 44.17567567567568 6.607142857142857 37 84
1 10.340909090909092 6.849206349206349 44 63
1 13.768292682926829 6.560975609756097 41 82
1 32.89473684210526 7.908450704225352 38 71
1 58.357142857142854 5.972222222222222 28 72
1 39.98 7.055555555555555 25 54
1 82.3 8.825 20 40
1 53.26470588235294 6.9375 34 64
1 57.357142857142854 6.909836065573771 28 61
1 38.166666666666664 6.456521739130435 30 69
1 62.14705882352941 8.75 17 36
1 27.27777777777778 70.21428571428571 9 7
1 38.94 7.925531914893617 25 47
1 15.726415094339623 5.897058823529412 53 136
1 7.144444444444445 5.712765957446808 45 94
1 6.725 7.189655172413793 40 58
