1 9.876146788990825 5.173913043478261 109 138
1 12.903508771929825 4.975409836065574 57 122
1 25.957142857142856 4.744186046511628 35 86
1 8.17741935483871 4.841772151898734 31 79
1 17.987179487179485 4.738938053097345 39 113
1 0.8243243243243243 4.885714285714286 74 140
1 27.635135135135137 4.808510638297872 37 94
1 2.043859649122807 4.706185567010309 57 97
1 0.5 4.813131313131313 20 99
1 103.03333333333333 52.857142857142854 15 14
1 26.333333333333332 5.311023622047244 60 127
1 34.2 4.566037735849057 40 106
1 47.6 4.5 30 67
1 28.916666666666668 4.903100775193798 60 129
