1 13.883333333333333 5.34375 60 128
1 16.76865671641791 6.333333333333333 67 90
1 29.414893617021278 5.597222222222222 47 72
1 50.95454545454545 5.451612903225806 22 62
1 22.96153846153846 5.071428571428571 39 105
1 2.984375 5.181159420289855 64 138
1 25.879310344827587 4.829670329670329 29 91
1 1.8636363636363635 5.612903225806452 33 62
1 38.916666666666664 5.953333333333333 36 75
1 35.035714285714285 5.297101449275362 28 69
1 12.42 6.637254901960785 25 51
1 18.824324324324323 5.322784810126582 37 79
1 17.46969696969697 4.981481481481482 33 81
1 4.758064516129032 5.372340425531915 62 94
1 19.033333333333335 6.972222222222222 15 36
1 85.1875 32.61764705882353 16 17
1 0.5 5.852941176470588 20 68
1 0.8035714285714286 5.391472868217054 56 129
1 14.253424657534246 5.407692307692308 73 130
1 20.705882352941178 5.532967032967033 68 91
