1 11.942857142857143 5.393939393939394 70 132
1 16.896825396825395 5.901960784313726 63 102
1 0.5 5.587378640776699 45 103
1 26.952830188679247 5.226027397260274 53 73
1 41.258620689655174 5.689655172413793 29 58
1 18.08 5.392156862745098 50 102
1 1.7972972972972974 5.930894308943089 74 123
1 20.275 4.848837209302325 40 86
1 6.961538461538462 5.745614035087719 26 57
1 38.03846153846154 5.708333333333333 39 72
1 33.28787878787879 5.090909090909091 33 66
1 18.53846153846154 6.585106382978723 26 47
1 33.375 5.828571428571428 24 70
1 18.5 5.14 34 75
1 6.24 5.173913043478261 50 92
1 35.22727272727273 7.693548387096774 11 31
1 110.41666666666667 53.68181818181818 12 11
1 2.235294117647059 5.3088235294117645 34 68
1 1.8661971830985915 6.414285714285715 71 105
1 15.959016393442623 6.052631578947368 61 114
1 30.520408163265305 6.055555555555555 49 81
