1 8.212 4.86734693877551 125 147
1 19.12162162162162 5.055555555555555 37 117
1 26.414285714285715 4.672413793103448 35 87
1 6.973684210526316 4.560975609756097 38 82
1 20.147058823529413 4.952830188679245 34 106
1 1.0058823529411764 4.722222222222222 85 144
1 21.12 4.78421052631579 50 95
1 2.3793103448275863 4.671717171717172 58 99
1 84.33333333333333 52.142857142857146 18 14
1 18.18235294117647 5.313953488372093 85 129
1 34.525 4.509433962264151 40 106
1 43.34848484848485 4.2 33 70
1 23.635135135135137 4.820610687022901 74 131
