1 35.391304347826086 6.325581395348837 46 86
1 14.569767441860465 6.222222222222222 43 72
1 9.764705882352942 6.51063829787234 68 94
1 48.26923076923077 6.2974683544303796 39 79
1 23.3 6.560975609756097 60 82
1 43.564516129032256 6.205882352941177 31 68
1 30.785714285714285 6.5 28 61
1 74.85 7.456521739130435 20 46
1 41.68181818181818 6.147887323943662 44 71
1 39.9 5.767605633802817 35 71
1 30.058823529411764 5.9324324324324325 34 74
1 34.875 8.025 24 40
1 26.3 63.875 10 8
1 22.333333333333332 6.793103448275862 36 58
1 12.392307692307693 5.6 65 150
1 1.797872340425532 5.40625 47 96
