1 15.713333333333333 6.160550458715596 75 109
1 13.359375 4.986486486486487 64 111
1 4.704081632653061 6.95 49 80
1 29.5 4.307228915662651 45 83
1 32.854838709677416 4.194444444444445 31 72
1 17.839622641509433 5.029411764705882 53 102
1 13.26595744680851 4.907407407407407 47 108
1 18.071428571428573 4.324175824175824 35 91
1 7.725806451612903 4.414285714285715 31 70
1 31.122222222222224 4.890243902439025 45 82
1 25.52857142857143 4.305194805194805 35 77
1 4.397435897435898 5.166666666666667 39 66
1 14.454545454545455 5.302816901408451 44 71
1 12.474358974358974 4.406976744186046 39 86
1 3.272727272727273 4.991071428571429 66 112
1 20.27777777777778 4.95945945945946 18 37
1 75.35714285714286 39.3235294117647 21 17
1 0.5 4.822222222222222 26 90
1 0.8617021276595744 4.748062015503876 94 129
1 15.710526315789474 5.907407407407407 95 108
1 22.41549295774648 4.948979591836735 71 98
