1 34.32051282051282 4.752336448598131 39 107
1 10.98076923076923 4.847368421052631 52 95
1 17.71311475409836 4.963768115942029 61 138
1 53.196969696969695 4.323529411764706 33 102
1 24.589285714285715 4.7924528301886795 56 106
1 23.822033898305083 4.695121951219512 59 82
1 23.397435897435898 4.885714285714286 39 70
1 30.387096774193548 4.58080808080808 62 99
1 54.32857142857143 4.2272727272727275 35 77
1 54.65384615384615 4.921052631578948 26 57
1 41.19444444444444 4.309523809523809 36 84
1 32.3235294117647 4.178571428571429 34 84
1 16.822580645161292 4.46875 31 96
1 21.86 5.214285714285714 25 49
1 38.03846153846154 45.416666666666664 13 12
1 6.542553191489362 4.487179487179487 47 78
1 7.666666666666667 10.488888888888889 60 90
