1 16.75581395348837 6.052631578947368 86 114
1 12.387096774193548 5.387931034482759 62 116
1 17.954545454545453 4.785714285714286 55 77
1 14.013513513513514 4.38 37 75
1 13.88888888888889 4.607142857142857 54 112
1 4.089285714285714 5.1440677966101696 56 118
1 4.619047619047619 4.4787234042553195 42 94
1 28.07894736842105 4.744186046511628 38 86
1 11.128571428571428 4.391566265060241 35 83
1 5.403846153846154 4.511363636363637 52 88
1 0.5 4.457446808510638 34 94
1 90.27777777777777 44.73529411764706 18 17
1 33.840425531914896 5.990909090909091 47 110
1 23.896551724137932 4.9526315789473685 58 95
1 56.145161290322584 4.151515151515151 31 66
1 26.914285714285715 4.804964539007092 70 141
