1 24.936363636363637 5.016129032258065 55 124
1 14.484375 6.343373493975903 64 83
1 9.314814814814815 4.665413533834586 54 133
1 58.5 4.377777777777778 28 90
1 31.470588235294116 4.6891891891891895 34 74
1 27.34 4.862637362637362 50 91
1 11.612359550561798 12.112244897959183 89 49
1 18.152173913043477 4.8125 46 96
1 12.982758620689655 4.631578947368421 29 76
1 56.59375 4.84375 32 96
1 26.628205128205128 4.5 39 96
1 19.0 4.771739130434782 42 92
1 9.23076923076923 5.276315789473684 26 76
1 10.606666666666667 5.135514018691588 75 107
1 12.119047619047619 4.766666666666667 21 45
1 70.95454545454545 53.59090909090909 11 11
1 13.590909090909092 4.412621359223301 55 103
1 6.0285714285714285 5.092307692307692 70 130
1 25.166666666666668 5.145669291338582 69 127
1 33.39090909090909 4.853535353535354 55 99
