1 28.63953488372093 4.15 43 120
1 7.928571428571429 4.622448979591836 84 98
1 21.04385964912281 4.4655172413793105 57 145
1 37.27777777777778 3.6621621621621623 45 111
1 27.22222222222222 4.671428571428572 54 105
1 27.42156862745098 3.4791666666666665 51 96
1 38.833333333333336 3.8205128205128207 24 78
1 33.691489361702125 4.176470588235294 47 102
1 25.315384615384616 3.283132530120482 65 83
1 37.388888888888886 3.8870967741935485 36 62
1 30.88095238095238 3.8176470588235296 42 85
1 20.869565217391305 3.3842105263157896 46 95
1 5.6466666666666665 4.352631578947369 75 95
1 15.166666666666666 3.55 27 60
1 29.576923076923077 45.5 13 12
1 2.5208333333333335 3.4263157894736844 48 95
