1 34.173469387755105 5.953781512605042 49 119
1 32.522222222222226 6.0 45 96
1 2.596774193548387 5.942857142857143 31 70
1 12.391891891891891 6.212643678160919 37 87
1 45.851351351351354 5.737113402061856 37 97
1 11.670731707317072 6.037735849056604 82 106
1 52.87931034482759 6.007042253521127 29 71
1 37.86363636363637 6.336363636363636 22 55
1 55.46153846153846 7.217391304347826 26 46
1 47.05882352941177 5.618421052631579 34 76
1 51.964285714285715 5.8478260869565215 28 69
1 29.71875 6.25 32 72
1 55.28947368421053 7.2631578947368425 19 38
1 33.34615384615385 26.5 13 11
1 36.04545454545455 6.336363636363636 22 55
1 11.515873015873016 6.03030303030303 63 132
1 7.7439024390243905 5.520408163265306 41 98
1 4.857142857142857 5.865079365079365 28 63
1 26.51492537313433 5.868 67 125
