1 8.923076923076923 4.606508875739645 104 169
1 26.02777777777778 4.213114754098361 36 122
1 18.807692307692307 3.9015748031496065 52 127
1 25.989795918367346 4.180555555555555 49 144
1 63.36666666666667 3.4306930693069306 30 101
1 45.026315789473685 3.5625 38 80
1 30.30392156862745 4.8522727272727275 51 88
1 38.5 4.258928571428571 37 112
1 28.473684210526315 3.883720930232558 38 86
1 42.67391304347826 4.034246575342466 23 73
1 20.833333333333332 4.103960396039604 48 101
1 23.23170731707317 4.220588235294118 41 68
1 41.06521739130435 4.275862068965517 23 58
1 18.020833333333332 3.9683544303797467 48 79
1 16.576923076923077 3.6382978723404253 39 94
1 9.214285714285714 3.665137614678899 28 109
1 7.462962962962963 3.9310344827586206 27 58
1 87.5 49.40909090909091 11 11
