1 22.32 4.7781954887218046 50 133
1 13.13076923076923 5.280952380952381 65 105
1 34.13157894736842 4.534883720930233 38 86
1 21.34375 4.593333333333334 32 75
1 32.15625 4.721052631578948 32 95
1 13.190909090909091 6.34375 55 96
1 8.554545454545455 4.836956521739131 55 92
1 35.65 4.666666666666667 40 96
1 12.875 4.739130434782608 48 92
1 10.231707317073171 4.5 41 101
1 10.714285714285714 5.307017543859649 70 114
1 5.48 5.206521739130435 50 92
1 32.13265306122449 5.080152671755725 49 131
1 31.326923076923077 5.085106382978723 52 94
1 47.689189189189186 4.1911764705882355 37 68
