1 16.061643835616437 6.151376146788991 73 109
1 13.390625 4.9774774774774775 64 111
1 5.217391304347826 7.866197183098592 46 71
1 29.7 4.319277108433735 45 83
1 33.24193548387097 4.194444444444445 31 72
1 17.952830188679247 5.084158415841584 53 101
1 13.73913043478261 4.957943925233645 46 107
1 17.364864864864863 4.324175824175824 37 91
1 8.672413793103448 4.4 29 70
1 32.825581395348834 4.825301204819277 43 83
1 25.87142857142857 4.305194805194805 35 77
1 4.451219512195122 5.151515151515151 41 66
1 15.71951219512195 5.4855072463768115 41 69
1 13.805555555555555 4.395348837209302 36 86
1 3.316901408450704 5.04954954954955 71 111
1 19.81578947368421 4.986486486486487 19 37
1 75.07142857142857 39.61764705882353 21 17
1 0.5 4.822222222222222 26 90
1 0.9895833333333334 4.732558139534884 96 129
1 15.3659793814433 5.848623853211009 97 109
1 22.5 4.904040404040404 71 99
