1 35.47674418604651 5.96067415730337 43 89
1 9.883333333333333 6.5144927536231885 60 69
1 8.525316455696203 6.625 79 96
1 51.24285714285714 6.621621621621622 35 74
1 23.67543859649123 6.8164556962025316 57 79
1 29.453488372093023 6.231343283582089 43 67
1 30.94 6.338709677419355 25 62
1 67.02380952380952 6.979166666666667 21 48
1 43.125 6.1571428571428575 40 70
1 49.53846153846154 5.597222222222222 26 72
1 26.46969696969697 5.723684210526316 33 76
1 34.357142857142854 7.695121951219512 21 41
1 27.666666666666668 62.5 12 8
1 18.256756756756758 6.788135593220339 37 59
1 8.188888888888888 6.171428571428572 90 140
