1 13.107142857142858 4.746153846153846 84 130
1 13.827586206896552 4.128099173553719 58 121
1 10.619402985074627 4.335820895522388 67 134
1 30.03448275862069 3.54040404040404 58 99
1 34.6875 3.923076923076923 32 78
1 28.29591836734694 4.311881188118812 49 101
1 13.317204301075268 9.598360655737705 93 61
1 21.07894736842105 9.677777777777777 38 45
1 10.4 3.8625 40 80
1 29.103174603174605 4.1380952380952385 63 105
1 20.155172413793103 4.081632653061225 58 98
1 17.729166666666668 3.9313725490196076 48 102
1 5.5588235294117645 4.410256410256411 34 78
1 5.991525423728813 4.068965517241379 59 116
1 14.205882352941176 3.630434782608696 17 46
1 41.55263157894737 47.785714285714285 19 14
1 13.112903225806452 3.857142857142857 62 112
1 1.3524590163934427 4.1050955414012735 61 157
1 27.68867924528302 5.2890625 53 128
1 33.12264150943396 4.462962962962963 53 108
