1 7.5 4.346590909090909 125 176
1 26.728571428571428 4.213114754098361 35 122
1 19.64 3.767175572519084 50 131
1 29.022727272727273 4.141379310344828 44 145
1 63.36666666666667 3.4504950495049505 30 101
1 46.33783783783784 3.575 37 80
1 32.90425531914894 5.088235294117647 47 85
1 34.890243902439025 4.149122807017544 41 114
1 28.763157894736842 3.895348837209302 38 86
1 44.77272727272727 3.94 22 75
1 28.757142857142856 4.0588235294117645 35 102
1 30.693548387096776 3.856164383561644 31 73
1 41.02173913043478 4.37719298245614 23 57
1 18.117021276595743 3.9683544303797467 47 79
1 16.25 3.648936170212766 40 94
1 9.25 3.6743119266055047 28 109
1 7.5 3.9655172413793105 27 58
1 80.16666666666667 49.40909090909091 12 11
