1 39.5 6.219101123595506 42 89
1 9.764150943396226 6.7153846153846155 53 65
1 14.25 6.405882352941177 40 85
1 31.597560975609756 7.809859154929577 41 71
1 64.1 5.972222222222222 25 72
1 47.642857142857146 7.045454545454546 21 55
1 82.2 8.068181818181818 20 44
1 36.166666666666664 6.529411764705882 51 68
1 48.378787878787875 6.838709677419355 33 62
1 27.88095238095238 6.428571428571429 42 70
1 53.921052631578945 9.863636363636363 19 33
1 26.944444444444443 71.64285714285714 9 7
1 57.55882352941177 7.704081632653061 17 49
1 10.717948717948717 6.059701492537314 78 134
1 7.738095238095238 5.583333333333333 42 96
1 5.588888888888889 8.23076923076923 45 52
