1 13.728813559322035 4.630681818181818 118 176
1 23.9468085106383 3.8858267716535435 47 127
1 9.91025641025641 3.7711864406779663 78 118
1 16.66216216216216 4.289115646258503 74 147
1 39.5 3.675925925925926 40 108
1 24.25409836065574 4.292792792792793 61 111
1 31.55 3.532258064516129 40 93
1 24.141025641025642 3.7337662337662336 39 77
1 22.724137931034484 3.9854368932038833 58 103
1 30.717391304347824 3.461038961038961 46 77
1 35.11764705882353 3.6587301587301586 34 63
1 30.527027027027028 3.753012048192771 37 83
1 23.84285714285714 3.3125 35 96
1 6.615384615384615 3.8823529411764706 52 102
1 10.112903225806452 3.45 31 60
1 26.192307692307693 42.833333333333336 13 12
1 0.6071428571428571 3.457894736842105 28 95
