1 22.879310344827587 5.044715447154472 58 123
1 14.451612903225806 8.05072463768116 62 69
1 7.274193548387097 4.953125 62 128
1 36.56976744186046 4.355555555555555 43 90
1 24.74390243902439 4.773972602739726 41 73
1 29.144444444444446 4.862637362637362 45 91
1 10.072916666666666 13.322222222222223 96 45
1 14.589285714285714 5.207865168539326 56 89
1 11.321428571428571 4.753333333333333 28 75
1 39.45454545454545 4.6 44 100
1 20.627659574468087 4.183168316831683 47 101
1 20.72222222222222 4.59375 36 96
1 6.7592592592592595 5.355263157894737 27 76
1 11.789855072463768 5.175925925925926 69 108
1 10.833333333333334 5.151162790697675 18 43
1 58.65384615384615 46.11538461538461 13 13
1 11.777777777777779 4.747422680412371 54 97
1 5.676470588235294 5.103053435114504 68 131
1 28.61864406779661 5.140625 59 128
1 33.91509433962264 4.606796116504855 53 103
