1 13.217948717948717 4.58 78 150
1 9.023255813953488 6.225274725274725 86 91
1 28.32051282051282 4.288888888888889 39 90
1 14.46774193548387 4.195121951219512 31 82
1 24.042857142857144 4.77 35 100
1 6.758064516129032 5.567796610169491 62 118
1 4.147058823529412 11.524390243902438 34 41
1 29.452380952380953 4.429292929292929 42 99
1 6.571428571428571 4.409090909090909 56 99
1 3.3043478260869565 4.461165048543689 46 103
1 2.7884615384615383 5.011450381679389 104 131
1 28.5 42.05555555555556 23 18
1 28.354545454545455 5.251937984496124 55 129
1 32.43617021276596 4.618811881188119 47 101
1 46.38235294117647 3.9347826086956523 34 69
