1 22.652173913043477 4.918032786885246 46 122
1 28.451219512195124 5.403225806451613 41 93
1 2.5 4.870786516853933 49 89
1 15.894736842105264 6.1923076923076925 38 91
1 41.15853658536585 4.662790697674419 41 86
1 46.03125 5.196969696969697 32 66
1 32.36486486486486 5.574468085106383 37 94
1 16.53921568627451 5.298076923076923 51 104
1 28.72222222222222 4.6063829787234045 36 94
1 29.261904761904763 5.32258064516129 21 62
1 38.74444444444445 5.086206896551724 45 87
1 35.861111111111114 4.6645569620253164 36 79
1 21.844827586206897 5.666666666666667 29 60
1 38.5 5.0875 26 80
1 26.803030303030305 4.594117647058823 33 85
1 7.8108108108108105 9.821428571428571 74 56
1 50.96666666666667 5.95945945945946 15 37
1 32.833333333333336 27.0 21 18
1 10.583333333333334 5.166666666666667 36 81
1 14.756410256410257 7.602564102564102 39 78
1 10.377551020408163 4.888349514563107 49 103
1 31.074468085106382 5.597345132743363 47 113
1 42.54761904761905 4.892523364485982 42 107
