1 34.4 6.907766990291262 40 103
1 32.646341463414636 5.576923076923077 41 104
1 10.175 5.205882352941177 40 102
1 69.46296296296296 5.4393939393939394 27 66
1 35.975 5.46078431372549 40 102
1 11.51923076923077 5.25968992248062 52 129
1 45.36666666666667 4.987804878048781 30 82
1 36.0 6.037037037037037 20 54
1 63.75925925925926 5.409090909090909 27 66
1 48.22 6.877777777777778 25 45
1 47.666666666666664 5.230769230769231 30 78
1 45.0 5.267123287671233 28 73
1 21.7972972972973 5.135294117647059 37 85
1 55.26470588235294 6.6891891891891895 17 37
1 27.03846153846154 29.5 26 22
1 23.75925925925926 5.6525423728813555 27 59
1 11.790909090909091 4.811111111111111 55 135
1 5.02 5.105769230769231 50 104
1 1.0161290322580645 5.3125 31 64
1 24.394736842105264 5.746031746031746 57 126
