1 13.433333333333334 4.707692307692308 90 130
1 15.950980392156863 5.1020408163265305 51 98
1 9.466666666666667 4.375912408759124 60 137
1 38.96511627906977 3.7371134020618557 43 97
1 25.523809523809526 3.9691358024691357 42 81
1 21.741935483870968 4.29 62 100
1 15.54109589041096 10.736363636363636 73 55
1 18.714285714285715 4.119047619047619 42 105
1 11.59375 4.05 32 80
1 31.70689655172414 4.160377358490566 58 106
1 24.152173913043477 3.8679245283018866 46 106
1 18.662790697674417 6.0285714285714285 43 70
1 5.82258064516129 4.487654320987654 31 81
1 6.595890410958904 3.9958677685950414 73 121
1 9.272727272727273 3.9782608695652173 22 46
1 49.9 45.5 15 14
1 15.333333333333334 4.38785046728972 54 107
1 2.4615384615384617 4.611888111888112 78 143
1 22.514492753623188 5.647826086956521 69 115
1 30.79824561403509 4.415094339622642 57 106
