1 10.436842105263159 4.631578947368421 95 152
1 20.585714285714285 5.044642857142857 35 112
1 25.807692307692307 4.355555555555555 39 90
1 8.935897435897436 4.4875 39 80
1 19.526315789473685 4.95 38 100
1 1.9871794871794872 5.69327731092437 117 119
1 27.142857142857142 4.5 42 99
1 4.554545454545455 4.51 55 100
1 1.0675675675675675 4.5 37 105
1 32.05172413793103 43.38235294117647 29 17
1 21.914285714285715 5.275193798449612 70 129
1 34.42857142857143 4.6683168316831685 42 101
1 46.5 4.050724637681159 32 69
1 33.736363636363635 4.8671875 55 128
