1 50.224137931034484 5.629032258064516 29 93
1 11.166666666666666 6.630434782608695 54 69
1 11.69047619047619 6.8578947368421055 63 95
1 54.75 6.421052631578948 32 76
1 29.08695652173913 6.166666666666667 46 87
1 44.464285714285715 6.469230769230769 28 65
1 37.75 6.703389830508475 20 59
1 68.95 7.0625 20 48
1 66.3 5.787671232876712 25 73
1 61.45 5.5 20 73
1 25.177419354838708 5.3765432098765435 31 81
1 32.07142857142857 7.523809523809524 21 42
1 33.5 60.25 14 8
1 16.694444444444443 6.467741935483871 36 62
1 11.007692307692308 5.993055555555555 65 144
