1 18.007462686567163 6.04954954954955 67 111
1 13.468253968253968 5.081818181818182 63 110
1 3.3947368421052633 5.242857142857143 57 105
1 28.833333333333332 4.353658536585366 45 82
1 33.87931034482759 4.194444444444445 29 72
1 16.607142857142858 4.966019417475728 56 103
1 12.479166666666666 4.818181818181818 48 110
1 20.066666666666666 4.313186813186813 30 91
1 6.0 4.528985507246377 34 69
1 26.346153846153847 4.969135802469136 52 81
1 23.14864864864865 4.305194805194805 37 77
1 4.136363636363637 5.097014925373134 33 67
1 11.711538461538462 4.894736842105263 52 76
1 9.458333333333334 4.362068965517241 48 87
1 2.466666666666667 4.7844827586206895 60 116
1 18.91176470588235 4.815789473684211 17 38
1 80.15 38.55882352941177 20 17
1 0.5 4.681818181818182 87 132
1 16.644444444444446 6.028301886792453 90 106
1 22.176056338028168 4.984536082474227 71 97
