1 48.166666666666664 5.553191489361702 30 94
1 10.183333333333334 6.429577464788732 60 71
1 9.829113924050633 6.84375 79 96
1 44.782051282051285 5.969135802469136 39 81
1 30.454545454545453 5.71505376344086 44 93
1 48.07692307692308 6.132352941176471 26 68
1 25.366666666666667 6.973684210526316 30 57
1 57.5 6.908163265306122 24 49
1 60.98148148148148 5.702702702702703 27 74
1 40.766666666666666 5.583333333333333 30 72
1 21.083333333333332 5.641025641025641 36 78
1 31.738095238095237 7.719512195121951 21 41
1 44.25 60.125 12 8
1 13.928571428571429 6.838983050847458 42 59
1 10.06338028169014 6.207142857142857 71 140
