1 9.58108108108108 4.841463414634147 111 164
1 22.36046511627907 4.02 43 125
1 13.426470588235293 4.333333333333333 68 114
1 20.565573770491802 4.25 61 144
1 61.5 3.4012345679012346 28 81
1 35.43023255813954 3.8076923076923075 43 104
1 19.445205479452056 7.614285714285714 73 70
1 35.666666666666664 3.75 30 88
1 18.51923076923077 4.671875 52 64
1 20.2 4.1938775510204085 50 98
1 22.891304347826086 4.420634920634921 46 63
1 31.14516129032258 4.592592592592593 31 54
1 28.71875 3.771604938271605 32 81
1 20.9375 3.5 32 94
1 9.321428571428571 3.610091743119266 28 109
1 7.648148148148148 3.669491525423729 27 59
1 28.369565217391305 47.86363636363637 23 11
