1 20.115384615384617 4.826241134751773 52 141
1 13.584745762711865 5.791666666666667 59 96
1 40.12068965517241 4.511627906976744 29 86
1 14.728571428571428 4.158536585365853 35 82
1 25.614285714285714 4.651515151515151 35 99
1 9.125 5.86936936936937 56 111
1 4.669811320754717 4.712765957446808 53 94
1 35.861111111111114 4.583333333333333 36 96
1 9.630434782608695 4.479381443298969 46 97
1 5.1 4.461165048543689 45 103
1 8.194915254237289 5.116 59 125
1 25.547619047619047 39.666666666666664 21 18
1 0.9920634920634921 4.386792452830188 63 106
1 19.314814814814813 5.333333333333333 81 126
1 39.91025641025641 4.589108910891089 39 101
1 56.12068965517241 3.823943661971831 29 71
