1 19.2027027027027 5.838983050847458 74 118
1 11.884615384615385 5.237288135593221 65 118
1 23.430232558139537 5.013513513513513 43 74
1 22.34 4.276315789473684 25 76
1 11.264705882352942 4.855140186915888 68 107
1 5.811111111111111 5.059322033898305 45 118
1 3.8666666666666667 4.532258064516129 60 93
1 28.763157894736842 4.533707865168539 38 89
1 11.368421052631579 4.367469879518072 38 83
1 8.61111111111111 4.5 36 88
1 0.8653846153846154 4.457446808510638 52 94
1 90.72222222222223 44.029411764705884 18 17
1 31.86 6.054545454545455 50 110
1 27.53921568627451 4.973684210526316 51 95
1 46.921052631578945 4.014705882352941 38 68
1 37.88 4.897163120567376 50 141
