1 21.9 4.702898550724638 50 138
1 11.446666666666667 5.280952380952381 75 105
1 28.144444444444446 4.558139534883721 45 86
1 16.94736842105263 4.552631578947368 38 76
1 34.46551724137931 4.561224489795919 29 98
1 12.3 6.541666666666667 55 96
1 9.662790697674419 4.869565217391305 43 92
1 43.625 4.65625 32 96
1 13.714285714285714 4.53125 42 96
1 9.231707317073171 4.52970297029703 41 101
1 9.569444444444445 5.572727272727272 72 110
1 31.88095238095238 43.833333333333336 21 15
1 4.68 5.015789473684211 50 95
1 19.438271604938272 5.303149606299213 81 127
1 30.5 5.117021276595745 53 94
1 59.672413793103445 4.161764705882353 29 68
