1 16.885714285714286 5.817073170731708 70 123
1 17.585714285714285 6.275510204081633 70 98
1 7.42 5.634020618556701 50 97
1 62.107142857142854 5.212121212121212 28 66
1 25.846938775510203 9.13076923076923 49 65
1 7.655172413793103 5.461240310077519 58 129
1 33.608108108108105 5.2594936708860756 37 79
1 28.152173913043477 5.925925925925926 23 54
1 45.52857142857143 5.563492063492063 35 63
1 42.34 6.543478260869565 25 46
1 41.0 5.652777777777778 32 72
1 30.33783783783784 4.934210526315789 37 76
1 17.4 5.252941176470588 40 85
1 47.55555555555556 6.757142857142857 18 35
1 45.875 41.233333333333334 24 15
1 17.467741935483872 5.9035087719298245 31 57
1 10.663636363636364 5.384297520661157 55 121
1 3.3679245283018866 5.189320388349515 53 103
1 17.6 6.482300884955753 70 113
