1 28.872093023255815 4.205882352941177 43 119
1 8.386075949367088 4.622448979591836 79 98
1 21.026315789473685 4.56993006993007 57 143
1 39.24418604651163 3.727272727272727 43 110
1 27.745283018867923 4.7 53 105
1 27.57843137254902 3.5 51 96
1 34.648148148148145 3.9155844155844157 27 77
1 32.704081632653065 4.196078431372549 49 102
1 25.807692307692307 3.319277108433735 65 83
1 39.88235294117647 3.9193548387096775 34 62
1 31.19047619047619 3.8411764705882354 42 85
1 21.108695652173914 3.405263157894737 46 95
1 5.910958904109589 4.333333333333333 73 96
1 16.115384615384617 3.669491525423729 26 59
1 30.115384615384617 45.666666666666664 13 12
1 2.869565217391304 3.478723404255319 46 94
