1 42.37179487179487 6.453488372093023 39 86
1 10.847826086956522 6.7 46 65
1 14.225 6.548192771084337 40 83
1 37.73529411764706 7.942857142857143 34 70
1 64.62 6.0 25 72
1 45.59090909090909 7.166666666666667 22 54
1 86.71052631578948 8.452380952380953 19 42
1 47.03846153846154 6.7272727272727275 39 66
1 55.258620689655174 6.959016393442623 29 61
1 29.1 6.288732394366197 40 71
1 54.60526315789474 9.185714285714285 19 35
1 27.27777777777778 71.21428571428571 9 7
1 39.18 7.854166666666667 25 48
1 12.636363636363637 6.071428571428571 66 133
1 7.523255813953488 5.647368421052631 43 95
1 5.630434782608695 7.833333333333333 46 54
