1 16.557142857142857 6.257009345794392 70 107
1 13.484375 4.892857142857143 64 112
1 7.0 12.03191489361702 38 47
1 30.255555555555556 4.331325301204819 45 83
1 32.166666666666664 4.194444444444445 33 72
1 18.91176470588235 5.14 51 100
1 14.5 5.061904761904762 45 105
1 15.546511627906977 4.346153846153846 43 91
1 11.26 4.302816901408451 25 71
1 38.9054054054054 4.75 37 84
1 28.40909090909091 4.305194805194805 33 77
1 4.5 5.2384615384615385 47 65
1 20.875 6.0 32 64
1 18.714285714285715 4.4411764705882355 28 85
1 3.4047619047619047 5.266355140186916 84 107
1 19.30952380952381 5.166666666666667 21 36
1 74.4047619047619 40.26470588235294 21 17
1 0.7244897959183674 4.788888888888889 49 90
1 1.3080808080808082 4.809523809523809 99 126
1 0.5 4.96 23 100
1 14.558823529411764 5.7342342342342345 102 111
1 23.02857142857143 4.806930693069307 70 101
