1 11.041984732824428 4.390710382513661 131 183
1 21.6 3.8858267716535435 50 127
1 9.593023255813954 3.9188034188034186 86 117
1 14.523255813953488 4.5212765957446805 86 141
1 40.01063829787234 3.088235294117647 47 85
1 31.8265306122449 3.795238095238095 49 105
1 22.02238805970149 4.371559633027523 67 109
1 34.27142857142857 3.3541666666666665 35 96
1 25.60810810810811 3.7933333333333334 37 75
1 18.823076923076922 4.146464646464646 65 99
1 23.79090909090909 3.6232876712328768 55 73
1 43.38461538461539 3.5952380952380953 26 63
1 27.294871794871796 3.808641975308642 39 81
1 21.694444444444443 3.2628865979381443 36 97
1 5.379310344827586 3.8106796116504853 58 103
1 9.892857142857142 3.433333333333333 28 60
1 24.192307692307693 42.75 13 12
