1 10.293103448275861 5.546875 87 128
1 12.581395348837209 6.143564356435643 86 101
1 2.683673469387755 5.29047619047619 49 105
1 33.84782608695652 5.442857142857143 46 70
1 29.744444444444444 5.972727272727273 45 55
1 15.531746031746032 5.819587628865979 63 97
1 2.163157894736842 5.5546875 95 128
1 22.285714285714285 4.909638554216867 42 83
1 17.05 5.535714285714286 20 56
1 27.67241379310345 5.963768115942029 58 69
1 41.5 5.401639344262295 30 61
1 23.535714285714285 6.704545454545454 28 44
1 27.823529411764707 5.8088235294117645 34 68
1 17.295454545454547 5.0479452054794525 44 73
1 7.89622641509434 5.170454545454546 53 88
1 29.72222222222222 6.7727272727272725 18 33
1 100.57692307692308 43.142857142857146 13 14
1 5.5 5.404761904761905 40 63
1 6.954545454545454 5.716216216216216 44 111
1 11.534090909090908 6.39908256880734 88 109
1 40.573170731707314 6.666666666666667 41 72
