1 21.154545454545456 5.211111111111111 55 135
1 15.354166666666666 5.044 48 125
1 22.225 4.544943820224719 40 89
1 11.181818181818182 4.8924050632911396 22 79
1 17.725 4.995412844036697 40 109
1 0.5131578947368421 4.911347517730497 76 141
1 25.473684210526315 5.166666666666667 38 87
1 2.010204081632653 5.136363636363637 49 88
1 0.5 4.90625 52 96
1 107.5 59.42857142857143 15 14
1 27.550847457627118 9.348101265822784 59 79
1 33.625 4.762135922330097 40 103
1 61.84782608695652 4.776923076923077 23 65
1 32.783018867924525 4.9296875 53 128
