1 9.25 4.778787878787878 112 165
1 22.69047619047619 4.028 42 125
1 15.283333333333333 4.446428571428571 60 112
1 25.581632653061224 4.1438356164383565 49 146
1 68.03571428571429 3.3613861386138613 28 101
1 65.92307692307692 3.4135802469135803 26 81
1 47.5625 3.757142857142857 32 105
1 20.794117647058822 7.485915492957746 68 71
1 42.7 3.691011235955056 25 89
1 18.17924528301887 4.870967741935484 53 62
1 19.480392156862745 4.38421052631579 51 95
1 24.642857142857142 4.532258064516129 42 62
1 29.84375 4.884615384615385 32 52
1 30.266666666666666 3.6686746987951806 30 83
1 20.136363636363637 3.5319148936170213 33 94
1 9.25 3.6192660550458715 28 109
1 7.5 3.7033898305084745 27 59
1 30.891304347826086 47.68181818181818 23 11
