1 18.071428571428573 5.491935483870968 77 124
1 9.974358974358974 5.169491525423729 78 118
1 25.20731707317073 5.0 41 74
1 19.629032258064516 4.175324675324675 31 77
1 11.664179104477611 4.90566037735849 67 106
1 6.153061224489796 5.126086956521739 49 115
1 5.230769230769231 4.478494623655914 52 93
1 24.944444444444443 4.579545454545454 45 88
1 13.757142857142858 4.307228915662651 35 83
1 8.85897435897436 4.443181818181818 39 88
1 1.8958333333333333 4.404255319148936 48 94
1 91.05555555555556 44.26470588235294 18 17
1 28.06140350877193 6.114678899082569 57 109
1 25.863636363636363 4.860824742268041 55 97
1 42.63953488372093 4.181818181818182 43 66
1 51.36486486486486 5.424242424242424 37 132
