1 16.70689655172414 6.013761467889908 58 109
1 22.555555555555557 6.867088607594937 54 79
1 3.587719298245614 5.754901960784314 57 102
1 38.25609756097561 5.992957746478873 41 71
1 47.648148148148145 5.693548387096774 27 62
1 26.79268292682927 5.5638297872340425 41 94
1 9.75925925925926 5.1640625 54 128
1 15.166666666666666 5.85 60 80
1 11.25 5.778688524590164 24 61
1 40.86842105263158 5.3023255813953485 38 86
1 29.105263157894736 5.18 38 75
1 15.537037037037036 6.232142857142857 27 56
1 21.08974358974359 5.538461538461538 39 78
1 16.966666666666665 5.713333333333333 45 75
1 7.917910447761194 7.273333333333333 67 75
1 23.071428571428573 6.972222222222222 21 36
1 56.205882352941174 15.5 17 14
1 4.869565217391305 6.65625 46 64
1 4.037634408602151 6.579207920792079 93 101
1 1.0789473684210527 5.40566037735849 57 106
1 22.56779661016949 5.5546875 59 128
1 24.279411764705884 6.4411764705882355 68 85
