1 46.80555555555556 6.318181818181818 36 88
1 10.321428571428571 6.3428571428571425 56 70
1 13.227272727272727 6.789156626506024 44 83
1 26.480392156862745 6.475903614457831 51 83
1 61.94 6.091549295774648 25 71
1 36.72222222222222 6.93859649122807 27 57
1 60.2037037037037 9.0 27 40
1 52.19444444444444 6.4 36 70
1 60.65384615384615 6.176470588235294 26 68
1 33.55714285714286 6.25 35 72
1 54.833333333333336 10.045454545454545 18 33
1 23.72222222222222 62.75 9 8
1 51.026315789473685 6.785714285714286 19 56
1 12.992307692307692 5.821428571428571 65 140
1 8.583333333333334 5.836956521739131 36 92
1 7.133333333333334 7.8090909090909095 30 55
