1 11.3125 6.568627450980392 96 102
1 14.28125 4.972222222222222 64 108
1 0.9545454545454546 4.205882352941177 44 102
1 8.193877551020408 4.851851851851852 49 108
1 37.075 4.267441860465116 40 86
1 37.53125 4.414285714285715 32 70
1 16.516129032258064 4.975728155339806 62 103
1 13.572727272727272 5.318181818181818 55 99
1 22.194444444444443 4.252688172043011 36 93
1 14.431034482758621 4.730769230769231 29 65
1 37.74390243902439 4.933734939759036 41 83
1 29.77777777777778 4.269230769230769 36 78
1 12.796296296296296 5.130769230769231 27 65
1 20.289473684210527 4.598765432098766 38 81
1 18.11111111111111 4.370588235294117 36 85
1 4.948275862068965 8.833333333333334 87 69
1 29.666666666666668 5.138888888888889 18 36
1 74.4 36.68181818181818 20 22
1 3.525 5.078313253012048 40 83
1 3.623456790123457 4.662601626016261 81 123
1 2.206896551724138 4.948979591836735 58 98
1 20.54225352112676 5.876146788990826 71 109
1 24.676470588235293 5.329787234042553 68 94
