1 45.72222222222222 6.619047619047619 36 84
1 12.075 6.78125 40 64
1 14.2 6.609756097560975 40 82
1 43.87931034482759 8.065217391304348 29 69
1 65.06 6.105633802816901 25 71
1 45.63636363636363 7.2924528301886795 22 53
1 91.66666666666667 8.875 18 40
1 65.21428571428571 6.823076923076923 28 65
1 64.22 6.959016393442623 25 61
1 29.67948717948718 6.152777777777778 39 72
1 58.22222222222222 8.608108108108109 18 37
1 27.5 70.92857142857143 9 7
1 31.596774193548388 8.01063829787234 31 47
1 15.136363636363637 6.098484848484849 55 132
1 7.340909090909091 5.647368421052631 44 95
1 5.760869565217392 7.627272727272727 46 55
