1 12.322222222222223 5.313432835820896 90 134
1 12.793103448275861 4.951612903225806 58 124
1 23.03846153846154 4.744186046511628 39 86
1 6.578947368421052 4.8544303797468356 38 79
1 17.675 4.765486725663717 40 113
1 0.753731343283582 4.946043165467626 67 139
1 22.795454545454547 4.9021739130434785 44 92
1 2.026315789473684 4.78421052631579 57 95
1 0.5 4.7727272727272725 29 99
1 104.76666666666667 55.714285714285715 15 14
1 25.373015873015873 6.196428571428571 63 112
1 30.18888888888889 4.6826923076923075 45 104
1 54.84615384615385 4.544776119402985 26 67
1 29.39830508474576 4.988188976377953 59 127
