1 14.90625 6.138888888888889 64 108
1 21.589285714285715 7.012820512820513 56 78
1 2.8703703703703702 5.764705882352941 54 102
1 35.18181818181818 5.902777777777778 44 72
1 46.574074074074076 5.661290322580645 27 62
1 25.476190476190474 5.785714285714286 42 91
1 7.393939393939394 5.2 66 130
1 15.517543859649123 5.608433734939759 57 83
1 7.6 5.795081967213115 30 61
1 40.10526315789474 5.212643678160919 38 87
1 27.756410256410255 5.153333333333333 39 75
1 14.38888888888889 6.0964912280701755 27 57
1 20.92105263157895 5.538461538461538 38 78
1 16.02173913043478 5.726666666666667 46 75
1 7.161971830985915 6.8164556962025316 71 79
1 20.227272727272727 6.944444444444445 22 36
1 62.0 15.366666666666667 16 15
1 3.676470588235294 6.5 51 65
1 3.8448275862068964 6.490384615384615 87 104
1 21.28688524590164 5.416030534351145 61 131
1 23.735294117647058 6.212643678160919 68 87
