1 41.35294117647059 5.618279569892473 34 93
1 12.66 5.9605263157894735 50 76
1 13.014705882352942 6.339622641509434 68 106
1 38.74444444444445 5.409090909090909 45 88
1 35.60526315789474 5.917582417582418 38 91
1 31.329268292682926 5.708333333333333 41 72
1 24.803030303030305 6.483333333333333 33 60
1 43.6875 6.979166666666667 32 48
1 51.725806451612904 5.513333333333334 31 75
1 41.5 5.556338028169014 29 71
1 20.62121212121212 5.425925925925926 33 81
1 29.59090909090909 7.127906976744186 22 43
1 57.4 61.75 10 8
1 12.987179487179487 6.55 39 60
1 9.071428571428571 6.8 77 130
