1 17.366666666666667 4.77972027972028 60 143
1 12.015151515151516 5.946808510638298 66 94
1 36.95161290322581 4.454022988505747 31 87
1 14.558823529411764 4.170731707317073 34 82
1 25.12857142857143 4.65 35 100
1 8.482456140350877 5.783185840707965 57 113
1 4.479166666666667 5.715189873417722 48 79
1 34.41891891891892 4.530927835051546 37 97
1 8.581632653061224 4.489690721649485 49 97
1 4.478260869565218 4.461165048543689 46 103
1 5.801369863013699 5.082677165354331 73 127
1 25.818181818181817 40.166666666666664 22 18
1 20.846666666666668 5.349206349206349 75 126
1 38.65 4.599009900990099 40 101
1 52.016129032258064 3.8857142857142857 31 70
