1 34.921052631578945 4.5 38 112
1 7.723684210526316 4.910526315789474 76 95
1 13.930379746835444 4.828571428571428 79 140
1 46.28947368421053 4.333333333333333 38 102
1 26.98076923076923 4.735849056603773 52 106
1 24.689655172413794 4.348837209302325 58 86
1 25.805555555555557 4.418918918918919 36 74
1 31.04237288135593 4.269230769230769 59 104
1 31.720338983050848 3.9125 59 80
1 39.55555555555556 4.724137931034483 36 58
1 39.36486486486486 4.0813953488372094 37 86
1 31.735294117647058 3.8707865168539324 34 89
1 9.911764705882353 4.183168316831683 51 101
1 21.833333333333332 4.481481481481482 24 54
1 36.34615384615385 46.0 13 12
1 6.961538461538462 4.150602409638554 39 83
1 6.216666666666667 14.13768115942029 60 69
