1 13.514705882352942 6.136363636363637 68 110
1 18.896825396825395 7.214285714285714 63 77
1 1.04 5.846534653465347 50 101
1 31.333333333333332 5.992957746478873 48 71
1 41.43103448275862 5.783333333333333 29 60
1 23.5 6.392857142857143 43 84
1 4.789156626506024 5.354961832061068 83 131
1 16.34313725490196 5.348837209302325 51 86
1 3.789473684210526 5.811475409836065 38 61
1 38.63157894736842 5.166666666666667 38 87
1 26.576923076923077 5.267123287671233 39 73
1 12.653846153846153 5.931034482758621 26 58
1 21.852941176470587 5.5256410256410255 34 78
1 13.96938775510204 5.797297297297297 49 74
1 6.345070422535211 6.028735632183908 71 87
1 17.595238095238095 6.944444444444445 21 36
1 62.029411764705884 16.8125 17 16
1 2.0090909090909093 5.978260869565218 55 69
1 2.813953488372093 6.453703703703703 86 108
1 18.915384615384614 5.334586466165414 65 133
1 26.95614035087719 5.553191489361702 57 94
