1 13.926966292134832 5.6525423728813555 89 118
1 17.97826086956522 5.166666666666667 46 111
1 1.9893617021276595 5.081818181818182 47 110
1 25.96808510638298 4.681818181818182 47 77
1 30.603448275862068 4.288732394366197 29 71
1 12.934782608695652 4.8238095238095235 69 105
1 11.78888888888889 4.776785714285714 45 112
1 11.304347826086957 4.432584269662922 46 89
1 3.8076923076923075 4.542857142857143 26 70
1 26.683673469387756 4.932098765432099 49 81
1 21.11111111111111 4.3076923076923075 36 78
1 0.9615384615384616 5.246268656716418 39 67
1 13.402439024390244 4.675 41 80
1 7.891304347826087 4.2444444444444445 46 90
1 0.5 4.6652892561983474 43 121
1 10.928571428571429 5.0675675675675675 21 37
1 90.5 39.911764705882355 18 17
1 16.785714285714285 5.7342342342342345 91 111
1 24.774193548387096 4.947916666666667 62 96
