1 18.984848484848484 6.163793103448276 66 116
1 21.07377049180328 5.862745098039215 61 102
1 9.333333333333334 5.47979797979798 42 99
1 69.42307692307692 5.318181818181818 26 66
1 23.482456140350877 5.947916666666667 57 96
1 6.54 5.709677419354839 75 124
1 42.016129032258064 4.945783132530121 31 83
1 40.38235294117647 5.981481481481482 17 54
1 50.015151515151516 5.642857142857143 33 63
1 51.18181818181818 6.811111111111111 22 45
1 44.145161290322584 5.623287671232877 31 73
1 44.05555555555556 4.82051282051282 27 78
1 18.7 5.109195402298851 40 87
1 56.1875 6.722222222222222 16 36
1 35.425925925925924 41.5 27 15
1 24.583333333333332 5.6525423728813555 24 59
1 15.158536585365853 4.7781954887218046 41 133
1 4.066037735849057 5.189320388349515 53 103
1 0.5 5.161538461538462 11 65
1 18.5 6.012396694214876 70 121
