1 17.66 4.94 75 125
1 20.25 4.794117647058823 44 102
1 11.479166666666666 4.606060606060606 48 132
1 35.755319148936174 4.042553191489362 47 94
1 34.34375 4.1375 32 80
1 35.5 4.510416666666667 39 96
1 14.9 10.645454545454545 75 55
1 21.789473684210527 4.12037037037037 38 108
1 12.029411764705882 4.383116883116883 34 77
1 44.5 4.264150943396227 42 106
1 27.525 4.22 40 100
1 22.5 6.8125 37 64
1 7.951612903225806 4.660493827160494 31 81
1 9.772727272727273 4.616071428571429 66 112
1 12.85 4.545454545454546 20 44
1 56.714285714285715 51.0 14 12
1 18.954545454545453 4.922680412371134 44 97
1 4.760273972602739 4.984848484848484 73 132
1 0.5 4.668224299065421 20 107
1 19.430232558139537 5.407563025210084 86 119
1 33.11818181818182 4.813131313131313 55 99
