1 23.29245283018868 4.948 53 125
1 15.833333333333334 6.9935064935064934 54 77
1 5.431034482758621 4.735294117647059 58 136
1 40.47222222222222 4.454022988505747 36 87
1 23.63157894736842 4.852112676056338 38 71
1 35.38235294117647 4.717391304347826 34 92
1 11.393333333333333 11.173076923076923 75 52
1 13.219298245614034 6.308219178082192 57 73
1 5.982758620689655 4.6688311688311686 29 77
1 41.08974358974359 4.6020408163265305 39 98
1 14.710526315789474 4.920454545454546 57 88
1 18.529411764705884 4.625 34 96
1 1.9 5.2594936708860756 25 79
1 10.615384615384615 5.080357142857143 78 112
1 3.6052631578947367 5.333333333333333 19 42
1 58.42307692307692 44.0 13 14
1 7.866666666666666 5.431034482758621 60 87
1 4.388888888888889 5.062962962962963 63 135
1 21.864864864864863 5.151162790697675 74 129
1 31.19090909090909 5.042553191489362 55 94
