1 35.76315789473684 7.6063829787234045 38 94
1 34.06410256410256 5.645631067961165 39 103
1 9.865853658536585 5.076923076923077 41 104
1 64.25862068965517 5.424242424242424 29 66
1 38.33783783783784 5.402912621359223 37 103
1 11.401960784313726 5.282945736434108 51 129
1 43.564516129032256 4.909638554216867 31 83
1 37.55263157894737 6.018518518518518 19 54
1 63.27777777777778 5.393939393939394 27 66
1 47.66 6.855555555555555 25 45
1 48.94827586206897 5.120253164556962 29 79
1 42.98275862068966 5.2534246575342465 29 73
1 20.94736842105263 5.005747126436781 38 87
1 54.85294117647059 6.833333333333333 17 36
1 26.142857142857142 30.318181818181817 28 22
1 23.38888888888889 5.6525423728813555 27 59
1 11.553571428571429 4.729629629629629 56 135
1 4.730769230769231 5.096153846153846 52 104
1 0.7903225806451613 5.207692307692308 31 65
1 25.80188679245283 5.71259842519685 53 127
