1 47.20967741935484 5.629032258064516 31 93
1 10.9 6.735294117647059 55 68
1 11.46875 6.847368421052631 64 95
1 51.588235294117645 6.407894736842105 34 76
1 28.47872340425532 6.244186046511628 47 86
1 42.94827586206897 6.469230769230769 29 65
1 32.891304347826086 6.583333333333333 23 60
1 65.73809523809524 7.041666666666667 21 48
1 59.42857142857143 5.801369863013699 28 73
1 56.09090909090909 5.5 22 73
1 25.467741935483872 5.45 31 80
1 33.85 7.523809523809524 20 42
1 32.92857142857143 60.5 14 8
1 16.88888888888889 6.581967213114754 36 61
1 10.133802816901408 5.993055555555555 71 144
