1 39.9 6.281609195402299 40 87
1 10.166666666666666 6.257575757575758 36 66
1 13.452380952380953 6.076470588235294 42 85
1 33.638888888888886 7.554054054054054 36 74
1 66.46 5.732876712328767 25 73
1 54.388888888888886 6.8584905660377355 18 53
1 81.85 7.681818181818182 20 44
1 43.329268292682926 6.425373134328358 41 67
1 66.875 6.85 24 60
1 29.95945945945946 6.311594202898551 37 69
1 60.388888888888886 8.04054054054054 18 37
1 28.5 38.6 10 10
1 41.54347826086956 7.627659574468085 23 47
1 12.638461538461538 5.577464788732394 65 142
1 8.371794871794872 5.648936170212766 39 94
1 5.673913043478261 6.879310344827586 46 58
