1 17.4 6.028846153846154 60 104
1 22.9 6.017241379310345 50 87
1 5.382352941176471 4.741758241758242 34 91
1 17.555555555555557 8.08904109589041 36 73
1 35.96808510638298 5.294871794871795 47 78
1 64.41304347826087 5.2272727272727275 23 66
1 23.323529411764707 5.541666666666667 51 96
1 20.928571428571427 5.430693069306931 42 101
1 23.27777777777778 5.034090909090909 45 88
1 30.69047619047619 5.306451612903226 21 62
1 40.94186046511628 5.0 43 88
1 36.55555555555556 4.639240506329114 36 79
1 29.0 5.5 22 62
1 30.803030303030305 4.849397590361446 33 83
1 23.743243243243242 4.841463414634147 37 82
1 7.136363636363637 5.627659574468085 88 94
1 41.18421052631579 5.9324324324324325 19 37
1 41.11904761904762 24.166666666666668 21 18
1 8.03191489361702 5.265432098765432 47 81
1 12.91304347826087 6.892857142857143 46 84
1 10.26595744680851 5.446236559139785 47 93
1 24.896551724137932 7.626436781609195 58 87
1 41.0 5.35 44 100
