1 23.80909090909091 5.239495798319328 55 119
1 13.8125 8.84375 64 64
1 6.734375 5.108 64 125
1 32.9468085106383 4.291208791208791 47 91
1 23.666666666666668 4.773972602739726 42 73
1 33.14102564102564 4.862637362637362 39 91
1 9.52020202020202 14.011627906976743 99 43
1 12.46923076923077 5.406976744186046 65 86
1 10.464285714285714 4.78 28 75
1 40.69047619047619 4.737113402061856 42 97
1 19.275510204081634 4.009615384615385 49 104
1 21.954545454545453 4.604166666666667 33 96
1 5.907407407407407 5.368421052631579 27 76
1 12.029411764705882 5.1422018348623855 68 109
1 9.666666666666666 5.333333333333333 18 42
1 58.34615384615385 42.92857142857143 13 14
1 10.464912280701755 5.048387096774194 57 93
1 5.590909090909091 5.068181818181818 66 132
1 32.77450980392157 5.053846153846154 51 130
1 31.821428571428573 4.538461538461538 56 104
