1 21.75925925925926 5.382882882882883 54 111
1 22.566666666666666 5.283505154639175 45 97
1 7.788888888888889 4.816326530612245 45 98
1 20.666666666666668 5.175925925925926 48 108
1 40.61363636363637 4.595238095238095 44 84
1 41.86666666666667 4.955882352941177 30 68
1 42.67142857142857 4.844086021505376 35 93
1 21.928571428571427 9.635593220338983 63 59
1 34.706896551724135 4.738636363636363 29 88
1 25.464285714285715 5.28125 28 64
1 44.451219512195124 4.934782608695652 41 92
1 28.41304347826087 4.904761904761905 46 84
1 10.166666666666666 4.758426966292135 33 89
1 26.35 5.228395061728395 40 81
1 20.314814814814813 5.5625 27 64
1 13.633333333333333 4.9526315789473685 45 95
1 32.5 5.625 18 40
1 58.76315789473684 46.07142857142857 19 14
1 22.431818181818183 5.058139534883721 44 86
1 8.173076923076923 5.093220338983051 52 118
1 4.455555555555556 4.955445544554456 45 101
1 25.016666666666666 5.61864406779661 60 118
1 30.482758620689655 5.112244897959184 58 98
