1 13.32716049382716 6.7727272727272725 81 99
1 14.4375 5.0754716981132075 64 106
1 1.65 4.086538461538462 40 104
1 8.037037037037036 4.842592592592593 54 108
1 36.71951219512195 4.247126436781609 41 87
1 38.34375 4.442857142857143 32 70
1 15.007246376811594 4.923076923076923 69 104
1 13.936363636363636 5.25 55 100
1 23.642857142857142 4.28494623655914 35 93
1 17.7 4.730769230769231 25 65
1 43.666666666666664 4.892857142857143 36 84
1 30.52777777777778 4.37012987012987 36 77
1 11.951612903225806 5.161538461538462 31 65
1 22.642857142857142 4.548780487804878 35 82
1 18.72222222222222 4.370588235294117 36 85
1 5.021739130434782 10.188524590163935 92 61
1 26.738095238095237 5.385714285714286 21 35
1 75.76315789473684 36.05 19 20
1 3.975 5.1419753086419755 40 81
1 3.993827160493827 4.723140495867769 81 121
1 2.8214285714285716 4.974226804123711 56 97
1 21.079710144927535 5.981481481481482 69 108
1 25.666666666666668 5.372340425531915 66 94
