1 20.96551724137931 5.28030303030303 58 132
1 15.333333333333334 4.969230769230769 48 130
1 21.451219512195124 4.744186046511628 41 86
1 6.576923076923077 5.118421052631579 39 76
1 19.12162162162162 4.857142857142857 37 112
1 0.5869565217391305 4.892857142857143 69 140
1 20.03191489361702 5.333333333333333 47 84
1 2.9857142857142858 5.264705882352941 35 85
1 1.04 5.065217391304348 50 92
1 101.3125 51.625 16 16
1 26.87704918032787 7.672043010752688 61 93
1 27.666666666666668 5.040816326530612 48 98
1 59.666666666666664 4.776923076923077 24 65
1 26.05223880597015 5.076 67 125
