1 9.35 5.00314465408805 100 159
1 24.710526315789473 4.213114754098361 38 122
1 16.233333333333334 4.0772357723577235 60 123
1 22.642857142857142 4.28169014084507 56 142
1 63.36666666666667 3.410891089108911 30 101
1 48.84285714285714 3.5375 35 80
1 26.603448275862068 4.7 58 90
1 36.34615384615385 4.509345794392523 39 107
1 30.614285714285714 3.8333333333333335 35 87
1 31.596774193548388 4.176056338028169 31 71
1 16.771186440677965 4.314432989690721 59 97
1 20.104166666666668 5.068965517241379 48 58
1 41.108695652173914 4.177966101694915 23 59
1 19.065217391304348 3.9556962025316458 46 79
1 17.472972972972972 3.627659574468085 37 94
1 9.214285714285714 3.665137614678899 28 109
1 7.462962962962963 3.913793103448276 27 58
1 63.43333333333333 49.13636363636363 15 11
