1 42.28787878787879 5.385416666666667 33 96
1 14.430232558139535 5.7025316455696204 43 79
1 13.664179104477611 6.154545454545454 67 110
1 41.404761904761905 5.148351648351649 42 91
1 41.04545454545455 5.93956043956044 33 91
1 29.568181818181817 5.809859154929577 44 71
1 21.55128205128205 6.30327868852459 39 61
1 41.26470588235294 7.217391304347826 34 46
1 51.306451612903224 5.266233766233766 31 77
1 37.375 5.308219178082192 32 73
1 20.53125 5.353658536585366 32 82
1 25.7 7.402439024390244 25 41
1 56.8 55.611111111111114 10 9
1 11.646341463414634 6.134920634920635 41 63
1 8.941558441558442 7.201612903225806 77 124
