1 17.794117647058822 5.966666666666667 68 120
1 18.708955223880597 6.146464646464646 67 99
1 8.074468085106384 5.561224489795919 47 98
1 65.38888888888889 5.257575757575758 27 66
1 24.903846153846153 7.487179487179487 52 78
1 7.115384615384615 5.562992125984252 65 127
1 36.214285714285715 5.175 35 80
1 33.15 5.944444444444445 20 54
1 47.529411764705884 5.595238095238095 34 63
1 45.208333333333336 6.7444444444444445 24 45
1 41.71875 5.680555555555555 32 72
1 34.833333333333336 4.876623376623376 33 77
1 17.925 5.186046511627907 40 86
1 51.38235294117647 6.814285714285714 17 35
1 41.74 41.36666666666667 25 15
1 20.035714285714285 5.775862068965517 28 58
1 12.255102040816327 5.119047619047619 49 126
1 3.650943396226415 5.189320388349515 53 103
1 17.957142857142856 6.301724137931035 70 116
