1 43.5 5.244897959183674 32 98
1 15.73076923076923 5.561728395061729 39 81
1 12.930555555555555 6.071428571428571 72 112
1 42.47560975609756 5.076086956521739 41 92
1 36.71621621621622 5.712765957446808 37 94
1 31.142857142857142 5.623287671232877 42 73
1 20.238095238095237 6.516949152542373 42 59
1 39.05555555555556 7.173913043478261 36 46
1 54.56896551724138 5.056962025316456 29 79
1 34.970588235294116 5.1891891891891895 34 74
1 20.758064516129032 5.214285714285714 31 84
1 25.42 7.119047619047619 25 42
1 56.4 56.05555555555556 10 9
1 11.55 5.8538461538461535 40 65
1 8.863636363636363 7.344262295081967 77 122
