1 13.977272727272727 5.705128205128205 88 117
1 18.863636363636363 5.2 44 110
1 2.095744680851064 5.123853211009174 47 109
1 26.73913043478261 4.694805194805195 46 77
1 31.155172413793103 4.357142857142857 29 70
1 12.640845070422536 4.8238095238095235 71 105
1 11.3125 4.863636363636363 48 110
1 11.833333333333334 4.421348314606742 45 89
1 4.423076923076923 4.5 26 70
1 25.794117647058822 4.932098765432099 51 81
1 20.986486486486488 4.294871794871795 37 78
1 1.294871794871795 5.2164179104477615 39 67
1 12.988372093023257 4.675 43 80
1 7.269230769230769 4.286516853932584 52 89
1 0.5 4.6652892561983474 43 121
1 10.26 5.194444444444445 25 36
1 90.27777777777777 39.3235294117647 18 17
1 15.510204081632653 5.725225225225225 98 111
1 27.07894736842105 4.86734693877551 57 98
