1 44.96875 5.542553191489362 32 94
1 9.609375 6.333333333333333 64 72
1 10.192307692307692 6.875 78 96
1 41.5 5.5813953488372094 42 86
1 31.174418604651162 5.438144329896907 43 97
1 50.18 5.838028169014085 25 71
1 20.68918918918919 7.125 37 56
1 55.22 6.76 25 50
1 58.57142857142857 5.6891891891891895 28 74
1 32.078947368421055 5.771428571428571 38 70
1 18.625 5.828947368421052 40 76
1 30.136363636363637 7.695121951219512 22 41
1 51.04545454545455 60.25 11 8
1 12.5 6.982758620689655 46 58
1 9.279220779220779 6.375912408759124 77 137
