1 52.53846153846154 5.283505154639175 26 97
1 16.0 5.162921348314606 36 89
1 12.791139240506329 5.359375 79 128
1 41.595238095238095 4.653061224489796 42 98
1 34.325 5.033980582524272 40 103
1 36.554054054054056 5.302631578947368 37 76
1 22.756410256410255 6.040983606557377 39 61
1 61.41304347826087 5.7075471698113205 23 53
1 51.2 4.476190476190476 30 84
1 34.86363636363637 4.639240506329114 33 79
1 13.619047619047619 8.37037037037037 42 54
1 24.791666666666668 6.0 24 46
1 54.3 53.4 10 10
1 10.202702702702704 4.97945205479452 37 73
1 8.193333333333333 9.07843137254902 75 102
