1 46.53225806451613 5.542553191489362 31 94
1 9.887096774193548 6.429577464788732 62 71
1 10.064102564102564 6.864583333333333 78 96
1 43.625 5.813253012048193 40 83
1 30.454545454545453 5.573684210526316 44 95
1 48.19230769230769 5.928571428571429 26 70
1 22.441176470588236 6.973684210526316 34 57
1 55.22 6.908163265306122 25 49
1 60.833333333333336 5.6891891891891895 27 74
1 35.911764705882355 5.669014084507042 34 71
1 19.789473684210527 5.733766233766234 38 77
1 30.227272727272727 7.695121951219512 22 41
1 45.583333333333336 60.125 12 8
1 13.181818181818182 6.8559322033898304 44 59
1 9.662162162162161 6.262589928057554 74 139
