1 14.973684210526315 6.266355140186916 76 107
1 13.734375 4.857142857142857 64 112
1 8.052631578947368 6.8125 38 80
1 29.208333333333332 4.355421686746988 48 83
1 34.5 4.274647887323944 32 71
1 16.635593220338983 5.15 59 100
1 13.66 5.242574257425742 50 101
1 18.243589743589745 4.271739130434782 39 92
1 10.866666666666667 4.574626865671642 30 67
1 32.65555555555556 4.785714285714286 45 84
1 28.823529411764707 4.318181818181818 34 77
1 6.657894736842105 5.176923076923077 38 65
1 17.858974358974358 5.236111111111111 39 72
1 17.65625 4.41764705882353 32 85
1 4.15 6.138297872340425 80 94
1 32.07142857142857 4.95945945945946 14 37
1 73.26190476190476 42.5 21 17
1 1.1440677966101696 4.886363636363637 59 88
1 2.022222222222222 4.682539682539683 90 126
1 1.0227272727272727 4.974747474747475 44 99
1 16.772727272727273 5.7342342342342345 88 111
1 26.387096774193548 5.077319587628866 62 97
