1 17.938356164383563 4.896825396825397 73 126
1 17.908163265306122 4.784313725490196 49 102
1 11.04 4.606060606060606 50 132
1 41.01219512195122 3.973684210526316 41 95
1 31.271428571428572 4.125 35 80
1 29.351063829787233 4.3979591836734695 47 98
1 14.94 10.681818181818182 75 55
1 22.31081081081081 4.0504587155963305 37 109
1 11.941176470588236 4.357142857142857 34 77
1 37.38 4.309523809523809 50 105
1 29.85135135135135 4.21 37 100
1 21.81578947368421 7.155737704918033 38 61
1 7.693548387096774 4.660493827160494 31 81
1 9.409090909090908 4.635135135135135 66 111
1 14.617647058823529 4.5 17 44
1 56.357142857142854 51.25 14 12
1 18.677777777777777 4.76 45 100
1 4.418918918918919 4.855555555555555 74 135
1 20.450617283950617 5.245901639344262 81 122
1 31.86842105263158 4.803030303030303 57 99
