1 18.972727272727273 5.618181818181818 55 110
1 24.52127659574468 5.803370786516854 47 89
1 4.166666666666667 4.8 39 90
1 17.27777777777778 7.360759493670886 36 79
1 37.544444444444444 5.04320987654321 45 81
1 56.92307692307692 5.212121212121212 26 66
1 25.91304347826087 5.573684210526316 46 95
1 19.3 5.392156862745098 45 102
1 24.833333333333332 4.888888888888889 42 90
1 30.214285714285715 5.306451612903226 21 62
1 39.88636363636363 5.011363636363637 44 88
1 36.30555555555556 4.651898734177215 36 79
1 26.5 5.581967213114754 24 61
1 33.7 4.926829268292683 30 82
1 24.5 4.753012048192771 36 83
1 7.367469879518072 6.6234567901234565 83 81
1 43.166666666666664 5.95945945945946 18 37
1 38.5 25.0 21 18
1 9.047619047619047 5.228395061728395 42 81
1 13.363636363636363 7.109756097560975 44 82
1 10.25 5.211340206185567 48 97
1 26.85185185185185 6.802083333333333 54 96
1 41.80232558139535 5.205882352941177 43 102
