1 35.98936170212766 6.151685393258427 47 89
1 15.761904761904763 6.302816901408451 42 71
1 15.290697674418604 6.166666666666667 43 96
1 26.89622641509434 7.1103896103896105 53 77
1 41.94117647058823 6.085714285714285 34 70
1 28.136363636363637 6.565573770491803 33 61
1 71.45454545454545 7.543478260869565 22 46
1 43.11363636363637 6.371428571428571 44 70
1 48.04838709677419 5.942857142857143 31 70
1 30.833333333333332 6.302816901408451 36 71
1 38.0 8.320512820512821 24 39
1 25.6 63.875 10 8
1 34.11538461538461 6.516666666666667 26 60
1 15.281818181818181 5.726027397260274 55 146
1 5.472972972972973 5.706521739130435 37 92
1 1.1571428571428573 6.094202898550725 35 69
