1 17.924242424242426 5.348484848484849 66 132
1 15.333333333333334 5.108 48 125
1 26.742424242424242 4.533707865168539 33 89
1 6.25 5.22 40 75
1 15.369565217391305 5.083333333333333 46 108
1 0.6509433962264151 4.868794326241135 53 141
1 25.18421052631579 5.166666666666667 38 87
1 2.45 5.347058823529411 40 85
1 0.7790697674418605 5.119565217391305 43 92
1 107.76666666666667 59.42857142857143 15 14
1 29.178571428571427 9.487179487179487 56 78
1 36.148648648648646 4.752427184466019 37 103
1 45.983870967741936 4.776923076923077 31 65
1 28.516393442622952 4.7272727272727275 61 132
