1 14.27659574468085 5.138461538461539 94 130
1 9.8625 5.0508474576271185 80 118
1 22.29591836734694 4.776315789473684 49 76
1 18.346153846153847 4.243243243243243 39 74
1 17.208333333333332 4.867924528301887 48 106
1 7.461538461538462 4.991228070175438 52 114
1 7.776595744680851 4.2368421052631575 47 95
1 25.804347826086957 4.5227272727272725 46 88
1 13.928571428571429 4.35 42 80
1 8.904255319148936 4.5 47 85
1 3.8333333333333335 4.358695652173913 51 92
1 2.0238095238095237 4.619047619047619 21 42
1 91.83333333333333 47.55882352941177 18 17
1 16.3659793814433 6.271428571428571 97 105
1 23.629032258064516 4.9375 62 96
