1 49.07142857142857 5.34375 28 96
1 17.742424242424242 5.235632183908046 33 87
1 12.228395061728396 5.631147540983607 81 122
1 38.81111111111111 4.737113402061856 45 97
1 36.05263157894737 5.25 38 100
1 36.25675675675676 5.406666666666666 37 75
1 22.525641025641026 6.233333333333333 39 60
1 56.42 5.9423076923076925 25 52
1 53.43103448275862 4.596385542168675 29 83
1 35.196969696969695 4.811688311688312 33 77
1 15.526315789473685 8.537735849056604 38 53
1 24.3 6.454545454545454 25 44
1 55.1 52.6 10 10
1 10.526315789473685 5.271428571428571 38 70
1 8.421052631578947 8.49074074074074 76 108
