1 23.166666666666668 4.865853658536586 45 123
1 29.2 5.381720430107527 40 93
1 2.34 4.870786516853933 50 89
1 15.842105263157896 6.0978260869565215 38 92
1 42.175 4.591954022988506 40 87
1 44.56060606060606 5.196969696969697 33 66
1 33.27777777777778 5.629032258064516 36 93
1 16.153846153846153 5.298076923076923 52 104
1 29.5 4.552631578947368 35 95
1 29.166666666666668 5.32258064516129 21 62
1 38.72222222222222 5.097701149425287 45 87
1 35.80555555555556 4.6645569620253164 36 79
1 21.844827586206897 5.65 29 60
1 38.46153846153846 5.0875 26 80
1 26.772727272727273 4.534883720930233 33 86
1 7.86986301369863 10.40566037735849 73 53
1 54.42857142857143 5.7894736842105265 14 38
1 32.023809523809526 27.38888888888889 21 18
1 10.256756756756756 5.166666666666667 37 81
1 15.105263157894736 7.720779220779221 38 77
1 10.418367346938776 4.846153846153846 49 104
1 31.76086956521739 5.473913043478261 46 115
1 42.523809523809526 4.892523364485982 42 107
