1 17.22463768115942 5.348484848484849 69 132
1 15.333333333333334 5.124 48 125
1 28.403225806451612 4.533707865168539 31 89
1 5.704545454545454 5.22 44 75
1 15.03191489361702 5.083333333333333 47 108
1 0.7083333333333334 4.861702127659575 48 141
1 25.13157894736842 5.166666666666667 38 87
1 2.5789473684210527 5.416666666666667 38 84
1 0.8658536585365854 5.181318681318682 41 91
1 107.83333333333333 59.42857142857143 15 14
1 29.736363636363638 9.487179487179487 55 78
1 37.111111111111114 4.742718446601942 36 103
1 43.22727272727273 4.776923076923077 33 65
1 27.61111111111111 4.71969696969697 63 132
