1 30.720338983050848 5.701612903225806 59 124
1 31.925531914893618 6.398876404494382 47 89
1 4.794117647058823 5.928571428571429 34 70
1 12.275 7.071428571428571 40 77
1 44.55 5.3431372549019605 40 102
1 23.195652173913043 6.8 46 90
1 57.107142857142854 6.02112676056338 28 71
1 44.35 6.865384615384615 20 52
1 69.5909090909091 7.304347826086956 22 46
1 53.983870967741936 6.171428571428572 31 70
1 58.53846153846154 5.905797101449275 26 69
1 34.672413793103445 6.061643835616438 29 73
1 60.05555555555556 7.5 18 38
1 29.115384615384617 25.3 13 10
1 37.23913043478261 6.518518518518518 23 54
1 12.35483870967742 5.843065693430657 62 137
1 10.015151515151516 5.854838709677419 33 93
1 7.22 6.398305084745763 25 59
