1 13.85064935064935 6.588235294117647 77 102
1 15.65 5.44 60 100
1 2.0853658536585367 4.215686274509804 41 102
1 8.70754716981132 4.87962962962963 53 108
1 37.329268292682926 4.316091954022989 41 87
1 39.28125 4.5285714285714285 32 70
1 16.130769230769232 4.971153846153846 65 104
1 16.69148936170213 5.121359223300971 47 103
1 23.14864864864865 4.349462365591398 37 93
1 18.74 4.792307692307692 25 65
1 40.96153846153846 4.837209302325581 39 86
1 31.305555555555557 4.4480519480519485 36 77
1 12.075757575757576 5.1923076923076925 33 65
1 24.08823529411765 4.536144578313253 34 83
1 17.01219512195122 4.5602409638554215 41 83
1 5.271739130434782 11.481818181818182 92 55
1 34.55882352941177 5.333333333333333 17 36
1 78.77777777777777 34.15 18 20
1 3.9130434782608696 5.090361445783133 46 83
1 4.214285714285714 4.995652173913044 84 115
1 3.8958333333333335 4.853535353535354 48 99
1 20.37323943661972 6.214285714285714 71 105
1 26.253846153846155 5.04 65 100
