1 18.745283018867923 5.894495412844036 53 109
1 23.53846153846154 6.6625 52 80
1 7.833333333333333 5.4245283018867925 39 106
1 55.189655172413794 6.166666666666667 29 69
1 38.357142857142854 5.844262295081967 35 61
1 24.56382978723404 5.99438202247191 47 89
1 11.31132075471698 5.517241379310345 53 116
1 16.657894736842106 5.5 57 84
1 14.34 5.778688524590164 25 61
1 38.11904761904762 5.464285714285714 42 84
1 39.53448275862069 5.105263157894737 29 76
1 19.38 6.5 25 54
1 24.87142857142857 5.3625 35 80
1 17.095744680851062 5.348101265822785 47 79
1 8.065217391304348 5.884615384615385 69 91
1 31.333333333333332 7.1571428571428575 18 35
1 51.73529411764706 15.642857142857142 17 14
1 6.546511627906977 6.108695652173913 43 69
1 4.926966292134831 6.313725490196078 89 102
1 3.622448979591837 5.367924528301887 49 106
1 22.74590163934426 5.596774193548387 61 124
1 27.08730158730159 5.967391304347826 63 92
