1 13.442028985507246 6.367924528301887 69 106
1 19.258064516129032 7.276315789473684 62 76
1 1.6521739130434783 5.644230769230769 46 104
1 31.583333333333332 5.992957746478873 48 71
1 41.8448275862069 5.69672131147541 29 61
1 22.766666666666666 6.369047619047619 45 84
1 5.275 5.347328244274809 80 131
1 16.21153846153846 5.281609195402299 52 87
1 4.025 5.811475409836065 40 61
1 38.89473684210526 5.17816091954023 38 87
1 26.807692307692307 5.126666666666667 39 75
1 13.076923076923077 5.948275862068965 26 58
1 21.5 5.5256410256410255 35 78
1 13.656862745098039 5.726666666666667 51 75
1 6.364864864864865 6.127906976744186 74 86
1 16.76086956521739 6.944444444444445 23 36
1 65.25 15.264705882352942 16 17
1 2.2241379310344827 6.088235294117647 58 68
1 3.3860759493670884 6.3090909090909095 79 110
1 19.176923076923078 5.253731343283582 65 134
1 24.69047619047619 5.585106382978723 63 94
