1 35.333333333333336 6.088888888888889 48 90
1 15.453488372093023 6.302816901408451 43 71
1 12.40566037735849 6.21578947368421 53 95
1 27.403846153846153 7.0 52 78
1 42.205882352941174 5.992957746478873 34 71
1 27.470588235294116 6.565573770491803 34 61
1 74.97619047619048 7.543478260869565 21 46
1 51.33783783783784 6.385714285714286 37 70
1 46.625 5.942857142857143 32 70
1 29.473684210526315 6.414285714285715 38 70
1 39.93478260869565 8.320512820512821 23 39
1 25.6 63.875 10 8
1 35.86 6.635593220338983 25 59
1 15.053571428571429 5.726027397260274 56 146
1 5.325 5.774725274725275 40 91
1 1.3823529411764706 6.1911764705882355 34 68
