1 21.782608695652176 5.916666666666667 46 108
1 21.086206896551722 6.295180722891566 58 83
1 9.35 5.461904761904762 40 105
1 47.529411764705884 5.5 34 76
1 31.96511627906977 5.983333333333333 43 60
1 31.157894736842106 6.068181818181818 38 88
1 14.344444444444445 5.378260869565217 45 115
1 30.28125 5.022222222222222 32 90
1 12.712121212121213 5.5 33 63
1 36.32222222222222 5.464285714285714 45 84
1 26.1 5.092105263157895 45 76
1 19.425925925925927 7.18 27 50
1 22.45 5.3375 40 80
1 25.625 5.060975609756097 32 82
1 8.057142857142857 5.647368421052631 70 95
1 34.166666666666664 7.042857142857143 18 35
1 48.3235294117647 16.1 17 15
1 7.428571428571429 6.014285714285714 42 70
1 9.581632653061224 5.928571428571429 49 105
1 4.678571428571429 5.109090909090909 56 110
1 21.484848484848484 5.605691056910569 66 123
1 25.05072463768116 5.697916666666667 69 96
