1 41.205882352941174 5.468421052631579 34 95
1 13.351063829787234 5.85064935064935 47 77
1 13.853846153846154 6.2407407407407405 65 108
1 40.43023255813954 5.2444444444444445 43 90
1 40.984848484848484 6.0 33 90
1 29.386363636363637 5.809859154929577 44 71
1 23.055555555555557 6.319672131147541 36 61
1 42.43939393939394 7.117021276595745 33 47
1 51.5 5.394736842105263 31 76
1 38.75806451612903 5.430555555555555 31 72
1 20.28787878787879 5.425925925925926 33 81
1 27.0 7.261904761904762 24 42
1 57.2 62.125 10 8
1 12.012195121951219 6.290322580645161 41 62
1 9.019480519480519 6.996062992125984 77 127
