1 18.04385964912281 5.25 57 116
1 30.294871794871796 6.425 39 80
1 12.928571428571429 8.271428571428572 42 70
1 38.68604651162791 5.030864197530864 43 81
1 45.40625 5.453125 32 64
1 20.39830508474576 5.661290322580645 59 93
1 23.352941176470587 5.231481481481482 34 108
1 23.593023255813954 5.00561797752809 43 89
1 23.1 5.419354838709677 25 62
1 51.984848484848484 5.120689655172414 33 87
1 46.68518518518518 4.934210526315789 27 76
1 18.176470588235293 6.336363636363636 34 55
1 22.686046511627907 5.175 43 80
1 18.43617021276596 4.939024390243903 47 82
1 7.321428571428571 4.984210526315789 84 95
1 36.7 6.823529411764706 20 34
1 30.55263157894737 24.071428571428573 19 21
1 8.3 5.1419753086419755 45 81
1 12.386363636363637 6.670454545454546 44 88
1 14.705882352941176 7.897058823529412 34 68
1 24.09016393442623 5.612068965517241 61 116
1 34.51960784313726 5.115384615384615 51 104
