1 37.27777777777778 4.742990654205608 36 107
1 11.8125 4.904255319148936 48 94
1 15.764705882352942 4.942028985507246 68 138
1 53.166666666666664 4.381188118811881 33 101
1 26.970588235294116 4.783018867924528 51 106
1 25.0 4.719512195121951 56 82
1 22.775 5.073529411764706 40 68
1 36.36538461538461 4.590909090909091 52 99
1 61.403225806451616 4.4324324324324325 31 74
1 52.611111111111114 5.071428571428571 27 56
1 42.5 4.321428571428571 35 84
1 32.44117647058823 4.190476190476191 34 84
1 15.924242424242424 4.521052631578947 33 95
1 22.916666666666668 5.23469387755102 24 49
1 41.583333333333336 45.333333333333336 12 12
1 6.966666666666667 4.487179487179487 45 78
1 7.741935483870968 10.488888888888889 62 90
