1 21.372340425531913 5.839449541284404 47 109
1 23.931372549019606 6.295180722891566 51 83
1 9.402439024390244 5.461904761904762 41 105
1 47.61764705882353 5.409090909090909 34 77
1 33.646341463414636 5.860655737704918 41 61
1 28.30952380952381 6.068181818181818 42 88
1 14.544444444444444 5.293103448275862 45 116
1 25.57894736842105 5.095505617977528 38 89
1 13.85483870967742 5.5 31 63
1 39.04761904761905 5.4523809523809526 42 84
1 27.430232558139537 5.078947368421052 43 76
1 19.035714285714285 7.5 28 48
1 22.036585365853657 5.325 41 80
1 23.557142857142857 5.048780487804878 35 82
1 8.380597014925373 5.668421052631579 67 95
1 34.55555555555556 7.042857142857143 18 35
1 47.38235294117647 16.766666666666666 17 15
1 7.5476190476190474 5.936619718309859 42 71
1 9.66326530612245 5.961538461538462 49 104
1 4.633333333333334 5.275700934579439 60 107
1 20.314285714285713 5.631147540983607 70 122
1 27.0 5.623711340206185 64 97
