1 31.404761904761905 4.303418803418803 42 117
1 8.934782608695652 4.994623655913978 69 93
1 15.5 4.970588235294118 74 136
1 46.3421052631579 4.047169811320755 38 106
1 21.833333333333332 4.638888888888889 66 108
1 30.882978723404257 4.41764705882353 47 85
1 26.22222222222222 4.175324675324675 36 77
1 27.576923076923077 4.088785046728972 65 107
1 41.05555555555556 3.85 45 80
1 51.107142857142854 4.655172413793103 28 58
1 32.59090909090909 4.076470588235294 44 85
1 31.441176470588236 3.848314606741573 34 89
1 11.453488372093023 4.573684210526316 43 95
1 17.133333333333333 4.444444444444445 30 54
1 35.65384615384615 46.333333333333336 13 12
1 6.225 3.9767441860465116 40 86
1 4.205882352941177 15.626984126984127 68 63
