1 21.98 4.718978102189781 50 137
1 11.746575342465754 5.280952380952381 73 105
1 29.569767441860463 4.546511627906977 43 86
1 17.60810810810811 4.552631578947368 37 76
1 34.63793103448276 4.561224489795919 29 98
1 12.463636363636363 6.5 55 96
1 9.433333333333334 4.869565217391305 45 92
1 41.23529411764706 4.65625 34 96
1 13.569767441860465 4.58421052631579 43 95
1 9.402439024390244 4.51980198019802 41 101
1 9.694444444444445 5.509009009009009 72 111
1 31.88095238095238 43.9 21 15
1 4.82 5.074468085106383 50 94
1 20.993333333333332 5.25 75 128
1 30.537735849056602 5.1063829787234045 53 94
1 56.016129032258064 4.176470588235294 31 68
