1 22.61864406779661 4.956 59 125
1 14.795081967213115 7.638888888888889 61 72
1 7.549180327868853 4.895348837209302 61 129
1 38.670731707317074 4.366666666666666 41 90
1 24.98780487804878 4.773972602739726 41 73
1 27.520833333333332 4.862637362637362 48 91
1 10.310526315789474 13.021739130434783 95 46
1 15.788461538461538 5.082417582417582 52 91
1 11.75 4.753333333333333 28 75
1 39.75 4.5495049504950495 44 101
1 21.347826086956523 4.287878787878788 46 99
1 19.92105263157895 4.583333333333333 38 96
1 7.203703703703703 5.342105263157895 27 76
1 11.746376811594203 5.166666666666667 69 108
1 10.868421052631579 5.0 19 44
1 63.75 45.96153846153846 12 13
1 12.367924528301886 4.611111111111111 53 99
1 5.717391304347826 5.1461538461538465 69 130
1 26.928571428571427 5.177165354330708 63 127
1 34.71153846153846 4.666666666666667 52 102
