1 13.677215189873417 5.860655737704918 79 122
1 14.195121951219512 6.147058823529412 82 102
1 6.418367346938775 5.221153846153846 49 104
1 37.854166666666664 4.981012658227848 48 79
1 44.861111111111114 5.357142857142857 36 63
1 15.432432432432432 6.623595505617978 74 89
1 5.806451612903226 5.174074074074074 62 135
1 24.869565217391305 5.2974683544303796 46 79
1 23.791666666666668 5.4298245614035086 24 57
1 44.61904761904762 5.673333333333333 42 75
1 35.404761904761905 5.532258064516129 42 62
1 32.39655172413793 6.588888888888889 29 45
1 33.52777777777778 4.981012658227848 36 79
1 28.11111111111111 5.371428571428571 36 70
1 13.931818181818182 5.6875 44 80
1 59.34615384615385 8.464285714285714 13 28
1 69.16666666666667 43.36666666666667 18 15
1 14.966666666666667 5.844827586206897 30 58
1 8.516129032258064 5.806306306306307 62 111
1 1.8888888888888888 4.8577981651376145 54 109
1 14.525 6.256521739130434 80 115
1 95.4 7.355072463768116 20 69
