1 20.517857142857142 4.943548387096774 56 124
1 16.427272727272726 4.473684210526316 55 114
1 2.042372881355932 3.9916666666666667 59 120
1 16.192307692307693 4.564 52 125
1 39.0 3.893617021276596 46 94
1 38.33870967741935 4.197368421052632 31 76
1 27.5 4.47979797979798 53 99
1 15.558823529411764 9.565573770491802 85 61
1 26.58823529411765 5.605263157894737 34 76
1 16.62121212121212 4.351351351351352 33 74
1 40.41304347826087 4.25 46 104
1 23.98076923076923 4.327956989247312 52 93
1 22.174418604651162 4.321052631578947 43 95
1 10.088235294117647 4.957142857142857 34 70
1 8.289473684210526 4.105263157894737 57 114
1 20.5 4.122222222222222 18 45
1 47.3421052631579 47.357142857142854 19 14
1 17.365384615384617 4.303921568627451 52 102
1 3.1986301369863015 4.49290780141844 73 141
1 1.8725490196078431 4.247572815533981 51 103
1 23.5625 5.2952755905511815 64 127
1 32.05357142857143 4.454545454545454 56 110
