1 13.681818181818182 5.773504273504273 66 117
1 18.23846153846154 6.9875 65 80
1 0.6935483870967742 6.229166666666667 31 96
1 30.895833333333332 6.181159420289855 48 69
1 38.04838709677419 5.766666666666667 31 60
1 24.6 6.358823529411764 40 85
1 3.9886363636363638 5.318181818181818 88 132
1 16.32 5.429411764705883 50 85
1 3.378787878787879 5.709677419354839 33 62
1 38.10526315789474 5.155172413793103 38 87
1 26.842105263157894 5.514285714285714 38 70
1 11.846153846153847 5.913793103448276 26 58
1 21.954545454545453 5.436708860759493 33 79
1 14.095744680851064 5.958333333333333 47 72
1 6.3307692307692305 5.909090909090909 65 88
1 19.970588235294116 6.972222222222222 17 36
1 60.77777777777778 17.676470588235293 18 17
1 1.5408163265306123 5.767605633802817 49 71
1 2.015463917525773 6.7 97 105
1 18.166666666666668 5.4393939393939394 66 132
1 32.67391304347826 5.375 46 96
