1 51.68181818181818 6.071428571428571 33 91
1 11.574074074074074 6.04054054054054 54 74
1 10.083333333333334 7.060975609756097 60 82
1 27.30392156862745 6.382352941176471 51 85
1 63.541666666666664 6.133802816901408 24 71
1 57.970588235294116 6.805084745762712 17 59
1 77.30952380952381 7.855555555555555 21 45
1 65.60344827586206 6.222222222222222 29 72
1 48.9375 5.908450704225352 32 71
1 29.625 6.387323943661972 40 71
1 46.5 9.166666666666666 21 36
1 22.1 63.5 10 8
1 45.976190476190474 6.383333333333334 21 60
1 14.432203389830509 5.6875 59 144
1 8.0 5.966666666666667 38 90
1 6.016129032258065 6.76984126984127 31 63
