1 13.666666666666666 5.119402985074627 60 134
1 18.862068965517242 5.826530612244898 58 98
1 40.55882352941177 5.378378378378378 34 74
1 41.53703703703704 5.419354838709677 27 62
1 19.282608695652176 4.962962962962963 46 108
1 2.2746478873239435 5.173913043478261 71 138
1 17.904761904761905 4.9772727272727275 42 88
1 2.1666666666666665 5.596774193548387 33 62
1 41.26470588235294 6.083333333333333 34 72
1 39.62 5.323529411764706 25 68
1 14.543478260869565 6.53921568627451 23 51
1 21.318181818181817 5.358974358974359 33 78
1 13.337209302325581 5.069620253164557 43 79
1 5.78 5.308510638297872 50 94
1 13.227272727272727 6.944444444444445 22 36
1 97.07142857142857 44.5 14 13
1 0.5 5.779411764705882 20 68
1 0.7258064516129032 5.85 62 120
1 12.961538461538462 5.612 78 125
1 27.774509803921568 5.5777777777777775 51 90
