1 15.860655737704919 6.022935779816514 61 109
1 23.384615384615383 6.879746835443038 52 79
1 3.2333333333333334 5.826732673267327 60 101
1 36.383720930232556 5.902777777777778 43 72
1 47.425925925925924 5.693548387096774 27 62
1 27.3 5.553191489361702 40 94
1 8.838983050847459 5.1434108527131785 59 129
1 15.347457627118644 5.8625 59 80
1 10.875 5.778688524590164 24 61
1 40.71052631578947 5.235632183908046 38 87
1 28.21794871794872 5.18 39 75
1 14.75 6.114035087719298 28 57
1 20.935897435897434 5.551282051282051 39 78
1 17.227272727272727 5.726666666666667 44 75
1 7.542857142857143 7.26 70 75
1 22.595238095238095 6.972222222222222 21 36
1 56.911764705882355 15.642857142857142 17 14
1 4.627659574468085 6.76984126984127 47 63
1 4.049450549450549 6.599009900990099 91 101
1 0.75 5.688118811881188 52 101
1 22.466101694915253 5.5310077519379846 59 129
1 23.485714285714284 6.523809523809524 70 84
