1 43.421052631578945 6.535294117647059 38 85
1 11.453488372093023 6.684615384615385 43 65
1 14.225 6.536144578313253 40 83
1 39.96875 7.942857142857143 32 70
1 64.82 6.105633802816901 25 71
1 45.63636363636363 7.2924528301886795 22 53
1 91.55555555555556 8.670731707317072 18 41
1 53.85294117647059 6.7272727272727275 34 66
1 59.388888888888886 6.959016393442623 27 61
1 29.756410256410255 6.274647887323944 39 71
1 57.888888888888886 8.88888888888889 18 36
1 27.38888888888889 71.07142857142857 9 7
1 36.27777777777778 7.833333333333333 27 48
1 13.663934426229508 6.06390977443609 61 133
1 7.363636363636363 5.647368421052631 44 95
1 5.695652173913044 7.814814814814815 46 54
