1 13.965909090909092 5.758620689655173 88 116
1 19.313953488372093 5.2 43 110
1 2.4148936170212765 5.0963302752293576 47 109
1 26.782608695652176 4.694805194805195 46 77
1 31.25862068965517 4.357142857142857 29 70
1 12.654929577464788 4.8238095238095235 71 105
1 11.354166666666666 4.863636363636363 48 110
1 11.9 4.421348314606742 45 89
1 4.538461538461538 4.5 26 70
1 25.346153846153847 4.932098765432099 52 81
1 21.06756756756757 4.294871794871795 37 78
1 1.3461538461538463 5.2164179104477615 39 67
1 13.034883720930232 4.675 43 80
1 7.179245283018868 4.286516853932584 53 89
1 0.5533333333333333 4.640495867768595 75 121
1 10.38 5.194444444444445 25 36
1 90.27777777777777 39.205882352941174 18 17
1 15.33838383838384 5.725225225225225 99 111
1 27.114035087719298 4.86734693877551 57 98
