1 49.98148148148148 4.783018867924528 27 106
1 13.034883720930232 5.104395604395604 43 91
1 12.969135802469136 4.821428571428571 81 140
1 56.53225806451613 4.47 31 100
1 31.227272727272727 4.783018867924528 44 106
1 28.214285714285715 4.833333333333333 49 81
1 21.595238095238095 5.438461538461539 42 65
1 45.79032258064516 5.3 31 55
1 46.9375 4.357142857142857 32 84
1 31.055555555555557 4.283132530120482 36 83
1 13.425 4.684782608695652 40 92
1 24.5 5.2 23 50
1 51.5 54.4 10 10
1 8.710526315789474 4.4113924050632916 38 79
1 7.746376811594203 10.488888888888889 69 90
