1 28.662790697674417 4.158333333333333 43 120
1 8.018072289156626 4.622448979591836 83 98
1 21.04385964912281 4.472413793103448 57 145
1 37.3 3.671171171171171 45 111
1 27.22222222222222 4.680952380952381 54 105
1 27.42156862745098 3.4791666666666665 51 96
1 37.3 3.8205128205128207 25 78
1 33.041666666666664 4.176470588235294 48 102
1 25.56153846153846 3.2951807228915664 65 83
1 38.47142857142857 3.903225806451613 35 62
1 30.904761904761905 3.8176470588235296 42 85
1 20.891304347826086 3.3842105263157896 46 95
1 5.66 4.363157894736842 75 95
1 15.203703703703704 3.566666666666667 27 60
1 29.653846153846153 45.583333333333336 13 12
1 2.5416666666666665 3.4263157894736844 48 95
