1 16.109375 7.4772727272727275 64 88
1 17.975409836065573 5.717391304347826 61 92
1 4.616279069767442 4.638297872340425 43 94
1 15.7 5.802083333333333 40 96
1 38.15909090909091 4.686046511627907 44 86
1 36.3 4.885714285714286 40 70
1 21.685185185185187 5.1568627450980395 54 102
1 20.24418604651163 5.46 43 100
1 23.91860465116279 4.915730337078652 43 89
1 25.34 5.053846153846154 25 65
1 38.02173913043478 5.1395348837209305 46 86
1 37.214285714285715 4.639240506329114 35 79
1 17.794117647058822 5.596774193548387 34 62
1 38.23076923076923 4.849397590361446 26 83
1 20.9390243902439 5.025 41 80
1 7.8625 5.351485148514851 80 101
1 42.666666666666664 5.878378378378378 18 37
1 48.166666666666664 25.147058823529413 21 17
1 7.5 5.22289156626506 46 83
1 13.768292682926829 6.123655913978495 41 93
1 7.183333333333334 5.489130434782608 60 92
1 19.86111111111111 8.011904761904763 72 84
1 35.94 5.262376237623762 50 101
