1 30.533898305084747 5.701612903225806 59 124
1 32.52173913043478 6.410112359550562 46 89
1 4.442857142857143 5.838028169014085 35 71
1 11.595238095238095 6.9743589743589745 42 78
1 44.4 5.352941176470588 40 102
1 21.581632653061224 6.663043478260869 49 92
1 59.01851851851852 6.02112676056338 27 71
1 44.1 6.865384615384615 20 52
1 66.23913043478261 7.304347826086956 23 46
1 53.82258064516129 6.1571428571428575 31 70
1 58.34615384615385 5.891304347826087 26 69
1 35.714285714285715 6.166666666666667 28 72
1 63.5 7.473684210526316 17 38
1 29.5 25.3 13 10
1 36.97826086956522 6.518518518518518 23 54
1 12.119047619047619 5.758992805755396 63 139
1 9.705882352941176 5.854838709677419 34 93
1 7.06 6.283333333333333 25 60
