1 48.3 5.618279569892473 30 93
1 10.482758620689655 6.5285714285714285 58 70
1 9.5875 6.9 80 95
1 47.25675675675676 6.1455696202531644 37 79
1 29.766666666666666 5.862637362637362 45 91
1 46.24074074074074 6.246268656716418 27 67
1 29.153846153846153 6.844827586206897 26 58
1 57.5 7.0625 24 48
1 63.46153846153846 5.702702702702703 26 74
1 47.07692307692308 5.583333333333333 26 72
1 22.529411764705884 5.550632911392405 34 79
1 31.833333333333332 7.523809523809524 21 42
1 39.73076923076923 60.125 13 8
1 14.75 6.716666666666667 40 60
1 10.514705882352942 6.098591549295775 68 142
