1 45.90625 5.553191489361702 32 94
1 10.642857142857142 6.720588235294118 56 68
1 11.176923076923076 6.904255319148936 65 94
1 46.23684210526316 6.318181818181818 38 77
1 27.895833333333332 6.404761904761905 48 84
1 41.53333333333333 6.453846153846154 30 65
1 29.153846153846153 6.467213114754099 26 61
1 57.625 7.020833333333333 24 48
1 55.666666666666664 5.902777777777778 30 72
1 51.666666666666664 5.5 24 73
1 26.6 5.525316455696203 30 79
1 34.05 7.523809523809524 20 42
1 31.714285714285715 60.875 14 8
1 16.635135135135137 6.581967213114754 37 61
1 9.26923076923077 6.045454545454546 78 143
