1 57.65151515151515 6.2368421052631575 33 114
1 34.77272727272727 6.690476190476191 44 84
1 5.921052631578948 6.46875 38 64
1 9.911764705882353 7.8478260869565215 51 69
1 44.9390243902439 5.582474226804123 41 97
1 18.225806451612904 6.911764705882353 62 85
1 56.327586206896555 6.25 29 68
1 41.95454545454545 6.285714285714286 22 56
1 75.26190476190476 8.095238095238095 21 42
1 59.327586206896555 5.930555555555555 29 72
1 60.15384615384615 6.151515151515151 26 66
1 35.810344827586206 6.190140845070423 29 71
1 57.28947368421053 8.271428571428572 19 35
1 34.0 26.5 10 10
1 40.77272727272727 6.59433962264151 22 53
1 11.757575757575758 6.783333333333333 66 120
1 7.409090909090909 5.583333333333333 44 96
1 7.923076923076923 6.129032258064516 26 62
