1 13.203703703703704 5.817073170731708 81 123
1 13.957831325301205 6.072815533980583 83 103
1 6.1 5.221153846153846 50 104
1 36.785714285714285 5.038461538461538 49 78
1 43.25675675675676 5.341269841269841 37 63
1 15.297297297297296 6.601123595505618 74 89
1 5.2164179104477615 5.274436090225564 67 133
1 24.608695652173914 5.272151898734177 46 79
1 23.333333333333332 5.412280701754386 24 57
1 43.24418604651163 5.6466666666666665 43 75
1 35.095238095238095 5.614754098360656 42 61
1 31.879310344827587 6.588888888888889 29 45
1 33.166666666666664 5.038461538461538 36 78
1 26.95945945945946 5.371428571428571 37 70
1 13.681818181818182 5.611111111111111 44 81
1 58.42307692307692 8.428571428571429 13 28
1 69.55555555555556 43.766666666666666 18 15
1 14.080645161290322 5.844827586206897 31 58
1 8.616666666666667 5.797297297297297 60 111
1 1.5892857142857142 4.925925925925926 56 108
1 14.4125 6.247826086956522 80 115
1 75.86 7.311594202898551 25 69
