1 19.316666666666666 4.9471544715447155 60 123
1 17.166666666666668 4.5625 54 112
1 2.2241379310344827 4.029411764705882 58 119
1 18.083333333333332 4.630081300813008 48 123
1 41.848837209302324 3.9838709677419355 43 93
1 38.854838709677416 4.3 31 75
1 27.68867924528302 4.5 53 99
1 16.28048780487805 9.51639344262295 82 61
1 25.72222222222222 5.059523809523809 36 84
1 18.629032258064516 4.513888888888889 31 72
1 37.92857142857143 4.305825242718447 49 103
1 25.2 4.413043478260869 50 92
1 3.628205128205128 5.109195402298851 39 87
1 23.166666666666668 4.435483870967742 42 93
1 11.558823529411764 5.161764705882353 34 68
1 9.081818181818182 4.178571428571429 55 112
1 26.029411764705884 4.5227272727272725 17 44
1 47.6578947368421 47.285714285714285 19 14
1 18.76530612244898 4.4 49 100
1 3.5 4.647058823529412 76 136
1 0.5 4.911214953271028 29 107
1 22.235294117647058 5.333333333333333 68 126
1 35.205882352941174 4.630841121495327 51 107
