1 9.716216216216216 4.886503067484663 111 163
1 21.977272727272727 4.012 44 125
1 12.666666666666666 4.315789473684211 72 114
1 18.455882352941178 4.304195804195804 68 143
1 59.53448275862069 3.388888888888889 29 81
1 31.112244897959183 3.8592233009708736 49 103
1 18.953333333333333 7.731884057971015 75 69
1 33.46875 3.810344827586207 32 87
1 18.51923076923077 4.576923076923077 52 65
1 20.38 4.126262626262626 50 99
1 22.585106382978722 4.328125 47 64
1 32.36666666666667 4.463636363636364 30 55
1 27.984848484848484 3.771604938271605 33 81
1 21.0 3.4893617021276597 32 94
1 9.357142857142858 3.6009174311926606 28 109
1 7.722222222222222 3.652542372881356 27 59
1 27.23913043478261 47.86363636363637 23 11
