1 8.536036036036036 5.128205128205129 111 156
1 24.710526315789473 4.213114754098361 38 122
1 14.5 4.216666666666667 67 120
1 21.466101694915253 4.351063829787234 59 141
1 63.36666666666667 3.400990099009901 30 101
1 51.77272727272727 3.4876543209876543 33 81
1 25.28688524590164 4.758426966292135 61 89
1 32.13636363636363 4.623809523809523 44 105
1 29.666666666666668 3.8448275862068964 36 87
1 27.194444444444443 4.326086956521739 36 69
1 16.703389830508474 4.4787234042553195 59 94
1 19.928571428571427 5.813725490196078 49 51
1 41.108695652173914 4.161016949152542 23 59
1 19.17391304347826 3.9556962025316458 46 79
1 18.0 3.627659574468085 36 94
1 9.214285714285714 3.6559633027522938 28 109
1 7.5 3.896551724137931 27 58
1 49.5 48.95454545454545 19 11
