1 34.96666666666667 6.055555555555555 45 90
1 6.581632653061225 6.111940298507463 49 67
1 11.520833333333334 6.894736842105263 48 76
1 95.3 6.392857142857143 20 84
1 25.82608695652174 7.357142857142857 46 77
1 61.611111111111114 6.014285714285714 27 70
1 50.71052631578947 6.903846153846154 19 52
1 73.9090909090909 7.217391304347826 22 46
1 53.43939393939394 6.592307692307692 33 65
1 63.94 6.207692307692308 25 65
1 36.266666666666666 6.485074626865671 30 67
1 60.77777777777778 7.851351351351352 18 37
1 30.6 33.2 10 10
1 49.55263157894737 7.02 19 50
1 12.833333333333334 5.437931034482759 63 145
1 7.053191489361702 5.563157894736842 47 95
1 5.904761904761905 6.225806451612903 42 62
