1 34.43617021276596 6.394117647058824 47 85
1 13.78888888888889 6.222222222222222 45 72
1 10.06060606060606 6.542553191489362 66 94
1 50.608108108108105 6.565789473684211 37 76
1 22.84426229508197 6.560975609756097 61 82
1 44.7 6.1911764705882355 30 68
1 30.428571428571427 6.483606557377049 28 61
1 82.66666666666667 7.434782608695652 18 46
1 39.71739130434783 6.027777777777778 46 72
1 37.41891891891892 5.767605633802817 37 71
1 28.84285714285714 5.9324324324324325 35 74
1 35.93478260869565 8.025 23 40
1 26.3 63.875 10 8
1 21.41891891891892 6.93859649122807 37 57
1 11.932835820895523 5.559602649006623 67 151
1 1.4183673469387754 5.40625 49 96
