1 18.385714285714286 4.854330708661418 70 127
1 14.758620689655173 4.723300970873787 58 103
1 10.634615384615385 4.606060606060606 52 132
1 52.625 3.942105263157895 32 95
1 26.548780487804876 4.1 41 80
1 23.24576271186441 4.3 59 100
1 14.993333333333334 10.7 75 55
1 22.86111111111111 3.9144144144144146 36 111
1 11.764705882352942 4.305194805194805 34 77
1 30.14516129032258 4.346153846153846 62 104
1 33.68181818181818 4.19 33 100
1 20.109756097560975 7.657894736842105 41 57
1 7.338709677419355 4.648148148148148 31 81
1 9.109375 4.68348623853211 64 109
1 16.928571428571427 4.277777777777778 14 45
1 55.714285714285715 51.75 14 12
1 18.877777777777776 4.5576923076923075 45 104
1 3.8506493506493507 4.731884057971015 77 138
1 22.39041095890411 5.0396825396825395 73 126
1 30.635593220338983 4.74 59 100
