1 22.043478260869566 5.464912280701754 46 114
1 28.952380952380953 6.246987951807229 42 83
1 9.804347826086957 5.93298969072165 46 97
1 44.33783783783784 5.1375 37 80
1 47.0 5.5 30 64
1 23.676470588235293 5.682795698924731 51 93
1 16.904761904761905 5.016949152542373 42 118
1 15.951612903225806 5.536144578313253 62 83
1 20.891304347826086 5.436507936507937 23 63
1 57.56896551724138 5.212643678160919 29 87
1 34.58571428571429 5.026315789473684 35 76
1 18.274193548387096 7.275510204081633 31 49
1 23.35 5.275 40 80
1 18.766666666666666 5.092592592592593 45 81
1 11.255102040816327 5.819148936170213 49 94
1 36.94444444444444 6.871428571428571 18 35
1 40.55555555555556 19.375 18 16
1 8.28048780487805 5.58 41 75
1 10.606382978723405 5.99 47 100
1 6.023809523809524 6.057894736842106 63 95
1 25.30701754385965 5.558333333333334 57 120
1 31.035714285714285 5.321782178217822 56 101
