1 13.658730158730158 5.492307692307692 63 130
1 15.105633802816902 5.657407407407407 71 108
1 1.375 5.347619047619047 56 105
1 35.595238095238095 5.359154929577465 42 71
1 36.44285714285714 5.857142857142857 35 56
1 18.76 5.421568627450981 50 102
1 2.5597014925373136 5.523255813953488 67 129
1 18.956521739130434 4.857142857142857 46 84
1 10.82 5.296610169491525 25 59
1 35.06818181818182 5.638888888888889 44 72
1 30.243589743589745 5.109375 39 64
1 20.892857142857142 6.840909090909091 28 44
1 21.95 5.570422535211268 40 71
1 17.884615384615383 5.316901408450704 39 71
1 7.561224489795919 5.362068965517241 49 87
1 33.5 6.863636363636363 14 33
1 109.33333333333333 52.95454545454545 12 11
1 3.7439024390243905 5.3307692307692305 41 65
1 3.6846153846153844 6.242857142857143 65 105
1 11.857142857142858 6.084070796460177 84 113
1 44.111111111111114 6.5 36 74
