1 17.526315789473685 4.94 76 125
1 21.914634146341463 4.846534653465347 41 101
1 11.479166666666666 4.606060606060606 48 132
1 34.275510204081634 4.042553191489362 49 94
1 36.7 4.15 30 80
1 38.52777777777778 4.510416666666667 36 96
1 14.886666666666667 10.645454545454545 75 55
1 21.81578947368421 4.138888888888889 38 108
1 12.088235294117647 4.409090909090909 34 77
1 47.93589743589744 4.219626168224299 39 107
1 26.166666666666668 4.22 42 100
1 23.166666666666668 6.7153846153846155 36 65
1 8.048387096774194 4.660493827160494 31 81
1 9.828358208955224 4.588495575221239 67 113
1 12.404761904761905 4.709302325581396 21 43
1 61.42307692307692 50.833333333333336 13 12
1 18.886363636363637 4.979166666666667 44 96
1 4.972222222222222 5.026717557251908 72 131
1 0.5 4.668224299065421 20 107
1 19.068181818181817 5.4576271186440675 88 118
1 33.19090909090909 4.813131313131313 55 99
