1 19.669811320754718 5.429203539823009 53 113
1 25.677777777777777 5.7 45 90
1 3.7195121951219514 4.8 41 90
1 16.68918918918919 7.036585365853658 37 82
1 38.38636363636363 4.963414634146342 44 82
1 52.82142857142857 5.212121212121212 28 66
1 27.113636363636363 5.552631578947368 44 95
1 18.76086956521739 5.401960784313726 46 102
1 26.0 4.818681318681318 40 91
1 29.976190476190474 5.32258064516129 21 62
1 39.81818181818182 5.011363636363637 44 88
1 36.19444444444444 4.651898734177215 36 79
1 25.42 5.581967213114754 25 61
1 34.775862068965516 5.006172839506172 29 81
1 25.271428571428572 4.678571428571429 35 84
1 7.450617283950617 7.193333333333333 81 75
1 45.5 5.95945945945946 17 37
1 37.166666666666664 25.38888888888889 21 18
1 9.756410256410257 5.216049382716049 39 81
1 13.928571428571429 7.228395061728395 42 81
1 10.333333333333334 5.153061224489796 48 98
1 27.923076923076923 6.48 52 100
1 41.75581395348837 5.140776699029126 43 103
