1 31.093220338983052 5.752032520325203 59 123
1 31.395833333333332 6.387640449438202 48 89
1 5.409090909090909 6.132352941176471 33 68
1 13.86111111111111 7.246666666666667 36 75
1 43.81707317073171 5.381188118811881 41 101
1 28.5 7.170588235294118 38 85
1 55.5 5.916666666666667 29 72
1 44.8 7.029411764705882 20 51
1 77.25 7.138297872340425 20 47
1 52.65625 6.171428571428572 32 70
1 58.96153846153846 6.111940298507463 26 67
1 34.94827586206897 5.873333333333333 29 75
1 57.13157894736842 7.526315789473684 19 38
1 28.346153846153847 25.1 13 10
1 39.40909090909091 6.650943396226415 22 53
1 12.647540983606557 5.970149253731344 61 134
1 11.362068965517242 5.923913043478261 29 92
1 7.5 6.517241379310345 25 58
