1 18.083333333333332 4.854330708661418 72 127
1 16.73076923076923 4.733009708737864 52 103
1 10.833333333333334 4.606060606060606 51 132
1 43.14102564102564 3.963157894736842 39 95
1 29.527027027027028 4.1125 37 80
1 26.99019607843137 4.348484848484849 51 99
1 14.953333333333333 10.681818181818182 75 55
1 22.31081081081081 3.9909090909090907 37 110
1 11.882352941176471 4.3441558441558445 34 77
1 34.611111111111114 4.309523809523809 54 105
1 30.75 4.2 36 100
1 21.21794871794872 7.283333333333333 39 60
1 7.596774193548387 4.660493827160494 31 81
1 9.361538461538462 4.663636363636364 65 110
1 15.3125 4.344444444444444 16 45
1 56.142857142857146 51.416666666666664 14 12
1 18.72222222222222 4.707920792079208 45 101
1 4.22 4.8161764705882355 75 136
1 21.141025641025642 5.191056910569106 78 123
1 31.81578947368421 4.75 57 100
