1 46.233333333333334 5.1767676767676765 30 99
1 17.3 5.512195121951219 35 82
1 12.279220779220779 5.991228070175438 77 114
1 44.73076923076923 5.054347826086956 39 92
1 34.05 5.572916666666667 40 96
1 32.9 5.54054054054054 40 74
1 19.1 6.620689655172414 45 58
1 38.067567567567565 7.108695652173913 37 46
1 56.25 4.925 28 80
1 33.75714285714286 5.148648648648648 35 74
1 20.966666666666665 5.0813953488372094 30 86
1 25.14 6.872093023255814 25 43
1 56.0 50.8 10 10
1 11.736842105263158 5.604477611940299 38 67
1 8.772727272727273 7.567226890756302 77 119
