1 33.642857142857146 5.9 49 120
1 29.724489795918366 5.803030303030303 49 99
1 2.0625 5.852112676056338 32 71
1 11.921052631578947 6.2011494252873565 38 87
1 44.10526315789474 5.802083333333333 38 96
1 12.38 6.014018691588785 75 107
1 52.39655172413793 6.085714285714285 29 70
1 37.40909090909091 6.425925925925926 22 54
1 54.69230769230769 7.173913043478261 26 46
1 48.04545454545455 5.578947368421052 33 76
1 51.392857142857146 5.728571428571429 28 70
1 29.375 5.953333333333333 32 75
1 57.888888888888886 7.391891891891892 18 37
1 34.34615384615385 25.75 13 12
1 35.40909090909091 6.3 22 55
1 10.723880597014926 5.865671641791045 67 134
1 7.825 5.520408163265306 40 98
1 4.535714285714286 5.919354838709677 28 62
1 24.570422535211268 5.801587301587301 71 126
