1 25.20175438596491 5.404 57 125
1 15.051020408163266 5.012 49 125
1 27.414285714285715 4.512345679012346 35 81
1 18.916666666666668 4.527027027027027 24 74
1 15.395833333333334 4.718181818181818 48 110
1 3.75531914893617 5.180672268907563 47 119
1 2.146153846153846 4.46875 65 96
1 21.010204081632654 4.477777777777778 49 90
1 6.882978723404255 4.416666666666667 47 84
1 5.8 4.423076923076923 40 91
1 95.20588235294117 47.5 17 17
1 20.733766233766232 6.172897196261682 77 107
1 22.766666666666666 4.878947368421053 60 95
1 42.67948717948718 4.151515151515151 39 66
1 27.38235294117647 5.103053435114504 68 131
