1 19.25409836065574 5.296992481203008 61 133
1 15.354166666666666 5.084 48 125
1 24.583333333333332 4.544943820224719 36 89
1 7.75 5.058441558441558 32 77
1 16.453488372093023 5.013761467889908 43 109
1 0.5793650793650794 4.890070921985815 63 141
1 25.31578947368421 5.166666666666667 38 87
1 2.227272727272727 5.27906976744186 44 86
1 0.6276595744680851 5.01063829787234 47 94
1 107.63333333333334 59.42857142857143 15 14
1 28.605263157894736 9.487179487179487 57 78
1 35.28947368421053 4.752427184466019 38 103
1 52.75925925925926 4.776923076923077 27 65
1 29.982758620689655 4.8307692307692305 58 130
