1 20.983333333333334 5.40625 60 128
1 12.964285714285714 4.946969696969697 56 132
1 24.38888888888889 4.674418604651163 36 86
1 6.404761904761905 4.9935064935064934 42 77
1 14.39795918367347 4.7368421052631575 49 114
1 0.6111111111111112 4.8428571428571425 54 140
1 24.5 5.677215189873418 38 79
1 2.6666666666666665 5.028735632183908 42 87
1 1.548780487804878 4.989130434782608 41 92
1 95.97058823529412 48.5 17 17
1 23.970588235294116 5.986725663716814 68 113
1 28.67391304347826 5.478021978021978 46 91
1 45.125 4.84375 32 64
1 26.681818181818183 5.577586206896552 66 116
