1 12.426470588235293 5.438931297709924 68 131
1 16.181818181818183 5.826923076923077 66 104
1 0.8469387755102041 5.480769230769231 49 104
1 32.27777777777778 5.291666666666667 45 72
1 39.53225806451613 5.780701754385965 31 57
1 18.32 5.401960784313726 50 102
1 2.063380281690141 5.788 71 125
1 19.833333333333332 4.864705882352941 42 85
1 8.23076923076923 5.551724137931035 26 58
1 36.69512195121951 5.680555555555555 41 72
1 32.214285714285715 5.115384615384615 35 65
1 19.96153846153846 6.6521739130434785 26 46
1 27.633333333333333 5.757142857142857 30 70
1 18.166666666666668 5.175675675675675 36 74
1 6.66 5.2444444444444445 50 90
1 34.75 7.564516129032258 12 31
1 110.08333333333333 53.22727272727273 12 11
1 2.824324324324324 5.3059701492537314 37 67
1 2.4855072463768115 6.347619047619047 69 105
1 14.028571428571428 6.043859649122807 70 114
1 34.70454545454545 6.075 44 80
