1 42.31578947368421 6.383720930232558 38 86
1 12.53225806451613 6.303030303030303 31 66
1 14.5 5.959770114942529 39 87
1 39.403225806451616 7.636986301369863 31 73
1 66.26 5.662162162162162 25 74
1 51.86842105263158 6.796296296296297 19 54
1 82.05 7.965116279069767 20 43
1 41.47674418604651 6.470149253731344 43 67
1 64.22 7.172413793103448 25 58
1 30.22972972972973 6.455882352941177 37 68
1 63.55882352941177 8.38888888888889 17 36
1 27.2 41.8 10 10
1 40.041666666666664 7.691489361702128 24 47
1 13.119047619047619 5.664285714285715 63 140
1 8.716216216216216 5.670212765957447 37 94
1 6.261904761904762 7.114035087719298 42 57
