1 35.29545454545455 6.111111111111111 44 90
1 6.725 6.181818181818182 40 66
1 11.7 8.007462686567164 45 67
1 44.642857142857146 5.906593406593407 42 91
1 32.111111111111114 7.0 36 82
1 66.02 6.0 25 70
1 42.77272727272727 6.303571428571429 22 56
1 69.71739130434783 7.613636363636363 23 44
1 54.46875 6.181159420289855 32 69
1 58.574074074074076 6.090909090909091 27 66
1 39.24074074074074 6.890625 27 64
1 72.83333333333333 8.271428571428572 15 35
1 32.3 28.9 10 10
1 43.69047619047619 6.537735849056604 21 53
1 13.415254237288135 5.628571428571429 59 140
1 7.363636363636363 5.510416666666667 44 96
1 8.351851851851851 5.58955223880597 27 67
