1 49.6764705882353 6.408045977011494 34 87
1 10.428571428571429 6.357142857142857 56 70
1 13.295454545454545 6.714285714285714 44 84
1 26.096153846153847 6.311764705882353 52 85
1 61.82 5.986111111111111 25 72
1 36.68518518518518 6.956140350877193 27 57
1 60.166666666666664 8.768292682926829 27 41
1 55.38235294117647 6.4 34 70
1 60.57692307692308 6.176470588235294 26 68
1 31.7972972972973 6.25 37 72
1 54.72222222222222 9.705882352941176 18 34
1 23.5 62.75 9 8
1 51.026315789473685 6.657894736842105 19 57
1 12.1 5.881294964028777 70 139
1 8.555555555555555 5.826086956521739 36 92
1 6.59375 7.660714285714286 32 56
