1 10.352631578947369 5.562015503875969 95 129
1 12.879310344827585 5.75 87 108
1 4.0344827586206895 5.276699029126213 58 103
1 30.863636363636363 5.471830985915493 55 71
1 38.294871794871796 5.352459016393443 39 61
1 14.378378378378379 6.48876404494382 74 89
1 2.6359223300970873 5.991666666666666 103 120
1 23.344444444444445 5.0875 45 80
1 21.545454545454547 5.590909090909091 22 55
1 35.06 5.6506849315068495 50 73
1 32.80952380952381 6.172727272727273 42 55
1 25.46875 6.636363636363637 32 44
1 30.38888888888889 5.458333333333333 36 72
1 18.666666666666668 5.0479452054794525 48 73
1 11.7 5.02808988764045 45 89
1 48.0 7.5 14 30
1 72.33333333333333 46.766666666666666 18 15
1 9.63888888888889 5.516393442622951 36 61
1 9.26595744680851 5.839449541284404 47 109
1 0.5 5.63265306122449 35 98
1 13.65 6.583333333333333 80 108
1 27.9 6.942857142857143 65 70
