1 54.24285714285714 6.2368421052631575 35 114
1 34.68181818181818 6.7023809523809526 44 84
1 5.878378378378378 6.376923076923077 37 65
1 10.5 7.728571428571429 48 70
1 44.76829268292683 5.520408163265306 41 98
1 19.379310344827587 6.947058823529412 58 85
1 56.224137931034484 6.1521739130434785 29 69
1 41.77272727272727 6.427272727272728 22 55
1 75.02380952380952 7.895348837209302 21 43
1 59.12068965517241 5.944444444444445 29 72
1 60.0 6.052238805970149 26 67
1 35.672413793103445 6.190140845070423 29 71
1 57.23684210526316 8.242857142857142 19 35
1 34.4 26.3 10 10
1 40.59090909090909 6.59433962264151 22 53
1 11.930769230769231 6.597560975609756 65 123
1 7.963414634146342 5.657894736842105 41 95
1 7.8076923076923075 6.237704918032787 26 61
