1 15.335820895522389 7.322222222222222 67 90
1 18.1 5.682795698924731 60 93
1 4.344444444444444 4.638297872340425 45 94
1 15.55 5.802083333333333 40 96
1 37.166666666666664 4.747058823529412 45 85
1 38.0 4.885714285714286 38 70
1 21.555555555555557 5.176470588235294 54 102
1 20.22093023255814 5.46 43 100
1 23.732558139534884 4.844444444444444 43 90
1 25.06 5.053846153846154 25 65
1 36.3125 5.063218390804598 48 87
1 38.11764705882353 4.705128205128205 34 78
1 18.015151515151516 5.596774193548387 33 62
1 36.53703703703704 4.837349397590361 27 83
1 20.76829268292683 4.95679012345679 41 81
1 8.313333333333333 5.872340425531915 75 94
1 44.6764705882353 5.878378378378378 17 37
1 49.166666666666664 25.38235294117647 21 17
1 7.326086956521739 5.154761904761905 46 84
1 12.568181818181818 6.145161290322581 44 93
1 7.324561403508772 5.403225806451613 57 93
1 19.595890410958905 7.911764705882353 73 85
1 33.801886792452834 5.262376237623762 53 101
