1 19.04901960784314 5.986238532110092 51 109
1 21.086206896551722 7.032467532467533 58 77
1 4.037037037037037 5.745098039215686 54 102
1 41.421052631578945 5.992957746478873 38 71
1 46.25 5.693548387096774 28 62
1 26.428571428571427 5.650537634408602 42 93
1 12.204545454545455 5.306451612903226 44 124
1 15.008196721311476 5.771604938271605 61 81
1 11.75 5.778688524590164 24 61
1 39.98717948717949 5.313953488372093 39 86
1 31.757142857142856 5.105263157894737 35 76
1 15.87037037037037 6.232142857142857 27 56
1 21.842105263157894 5.462025316455696 38 79
1 16.717391304347824 5.631578947368421 46 76
1 8.64516129032258 7.378378378378378 62 74
1 24.8 6.972222222222222 20 36
1 55.55882352941177 15.357142857142858 17 14
1 5.065217391304348 6.530769230769231 46 65
1 4.057894736842106 6.5495049504950495 95 101
1 1.131578947368421 5.40566037735849 57 106
1 22.703389830508474 5.53125 59 128
1 26.0 6.372093023255814 64 86
