1 33.84146341463415 6.5 41 109
1 31.290697674418606 5.519047619047619 43 105
1 10.25 5.272277227722772 40 101
1 75.34 5.530769230769231 25 65
1 34.595238095238095 5.51980198019802 42 101
1 11.537735849056604 5.236434108527132 53 129
1 45.6 5.067901234567901 30 81
1 34.45238095238095 6.055555555555555 21 54
1 61.785714285714285 5.335820895522388 28 67
1 46.76923076923077 6.717391304347826 26 46
1 46.37096774193548 5.318181818181818 31 77
1 45.285714285714285 5.267123287671233 28 73
1 22.61111111111111 5.214285714285714 36 84
1 55.55882352941177 6.716216216216216 17 37
1 27.26 28.863636363636363 25 22
1 23.98148148148148 5.669491525423729 27 59
1 11.827272727272728 4.87037037037037 55 135
1 5.214285714285714 5.061904761904762 49 105
1 1.2 5.34375 30 64
1 23.822033898305083 5.738095238095238 59 126
