1 45.583333333333336 6.619047619047619 36 84
1 11.5 6.765625 41 64
1 14.175 6.585365853658536 40 82
1 38.28787878787879 7.9714285714285715 33 70
1 62.69230769230769 6.091549295774648 26 71
1 43.58695652173913 7.254716981132075 23 53
1 86.76315789473684 8.85 19 40
1 58.693548387096776 6.823076923076923 31 65
1 61.76923076923077 6.942622950819672 26 61
1 32.92857142857143 6.357142857142857 35 70
1 58.44444444444444 8.805555555555555 18 36
1 27.38888888888889 70.64285714285714 9 7
1 34.892857142857146 7.968085106382978 28 47
1 15.425925925925926 5.992537313432836 54 134
1 7.166666666666667 5.647368421052631 45 95
1 6.068181818181818 7.482142857142857 44 56
