1 15.294871794871796 6.109090909090909 78 110
1 13.265625 5.072727272727272 64 110
1 3.5701754385964914 5.233333333333333 57 105
1 28.9 4.283132530120482 45 83
1 34.01724137931034 4.194444444444445 29 72
1 16.936363636363637 4.966019417475728 55 103
1 12.541666666666666 4.8090909090909095 48 110
1 20.879310344827587 4.313186813186813 29 91
1 5.957142857142857 4.528985507246377 35 69
1 26.403846153846153 4.969135802469136 52 81
1 23.22972972972973 4.292207792207792 37 77
1 4.257575757575758 5.097014925373134 33 67
1 11.537735849056604 4.953333333333333 53 75
1 9.541666666666666 4.362068965517241 48 87
1 3.1538461538461537 4.793103448275862 52 116
1 22.3 4.653846153846154 15 39
1 76.11904761904762 38.6764705882353 21 17
1 0.5 4.681818181818182 91 132
1 16.644444444444446 6.09047619047619 90 105
1 21.88888888888889 5.041666666666667 72 96
