1 29.662790697674417 4.279661016949152 43 118
1 10.277777777777779 4.63265306122449 63 98
1 20.92105263157895 5.029850746268656 57 134
1 49.27142857142857 3.9166666666666665 35 108
1 29.44 4.776190476190476 50 105
1 26.154545454545456 3.966666666666667 55 90
1 25.60810810810811 4.092105263157895 37 76
1 29.32456140350877 4.119047619047619 57 105
1 34.30392156862745 3.5 51 82
1 49.714285714285715 3.9285714285714284 28 63
1 32.333333333333336 3.958823529411765 42 85
1 23.022727272727273 3.543010752688172 44 93
1 6.794117647058823 4.163366336633663 68 101
1 19.0 3.956140350877193 24 57
1 32.11538461538461 46.166666666666664 13 12
1 4.190476190476191 3.6648351648351647 42 91
