1 17.340579710144926 5.921487603305785 69 121
1 18.264705882352942 6.244897959183674 68 98
1 7.8125 5.571428571428571 48 98
1 62.57142857142857 5.242424242424242 28 66
1 25.6 8.288732394366198 50 71
1 7.434426229508197 5.5078125 61 128
1 34.888888888888886 5.175 36 80
1 29.772727272727273 5.944444444444445 22 54
1 45.871428571428574 5.579365079365079 35 63
1 44.666666666666664 6.565217391304348 24 46
1 41.375 5.666666666666667 32 72
1 32.47142857142857 4.863636363636363 35 77
1 17.675 5.186046511627907 40 86
1 50.85294117647059 6.785714285714286 17 35
1 44.666666666666664 41.3 24 15
1 19.017241379310345 5.885964912280702 29 57
1 11.403846153846153 5.225806451612903 52 124
1 3.518867924528302 5.189320388349515 53 103
1 17.785714285714285 6.421052631578948 70 114
