1 34.77272727272727 6.690476190476191 44 84
1 5.947368421052632 6.46875 38 64
1 9.73076923076923 7.833333333333333 52 69
1 44.98780487804878 5.582474226804123 41 97
1 17.96031746031746 6.9 63 85
1 56.36206896551724 6.25 29 68
1 41.95454545454545 6.285714285714286 22 56
1 75.30952380952381 8.095238095238095 21 42
1 59.36206896551724 5.930555555555555 29 72
1 60.19230769230769 6.151515151515151 26 66
1 35.8448275862069 6.190140845070423 29 71
1 57.28947368421053 8.271428571428572 19 35
1 33.9 26.5 10 10
1 40.81818181818182 6.59433962264151 22 53
1 11.757575757575758 6.791666666666667 66 120
1 7.409090909090909 5.583333333333333 44 96
1 8.26 6.0396825396825395 25 63
