1 12.26056338028169 5.788135593220339 71 118
1 18.758064516129032 6.914634146341464 62 82
1 42.14705882352941 5.381578947368421 34 76
1 45.86 5.614754098360656 25 61
1 21.431818181818183 5.858695652173913 44 92
1 3.5273972602739727 5.349624060150376 73 133
1 18.61904761904762 5.621951219512195 42 82
1 2.98 5.725806451612903 25 62
1 37.28947368421053 5.6625 38 80
1 35.285714285714285 5.288732394366197 28 71
1 11.192307692307692 6.351851851851852 26 54
1 25.0 5.170731707317073 28 82
1 19.725806451612904 5.2215189873417724 31 79
1 5.050724637681159 5.382978723404255 69 94
1 15.0 7.0 20 36
1 63.86842105263158 22.333333333333332 19 18
1 0.6304347826086957 5.569444444444445 46 72
1 1.1582278481012658 5.991525423728813 79 118
1 21.235849056603772 5.554263565891473 53 129
1 30.819148936170212 5.425531914893617 47 94
