1 30.1046511627907 4.288135593220339 43 118
1 13.563829787234043 5.093406593406593 47 91
1 17.976923076923075 5.290697674418604 65 129
1 51.294117647058826 3.9537037037037037 34 108
1 37.62820512820513 4.907766990291262 39 103
1 28.096153846153847 4.405882352941177 52 85
1 30.596774193548388 4.22 31 75
1 35.45918367346939 4.018518518518518 49 108
1 42.666666666666664 3.6604938271604937 42 81
1 54.30769230769231 4.096774193548387 26 62
1 31.545454545454547 4.0058823529411764 44 85
1 25.9 3.630434782608696 40 92
1 7.95 4.2227722772277225 60 101
1 18.46153846153846 4.125 26 56
1 33.73076923076923 46.416666666666664 13 12
1 4.987804878048781 3.792134831460674 41 89
1 2.90625 22.477777777777778 64 45
