1 8.415254237288135 5.015723270440252 118 159
1 23.6 4.044 40 125
1 15.403225806451612 4.938095238095238 62 105
1 21.74137931034483 4.323943661971831 58 142
1 65.63793103448276 3.381188118811881 29 101
1 57.0 3.450617283950617 30 81
1 28.444444444444443 4.270833333333333 54 96
1 25.681818181818183 5.532967032967033 55 91
1 31.352941176470587 3.772727272727273 34 88
1 21.633333333333333 4.5606060606060606 45 66
1 16.4 4.468085106382978 60 94
1 20.9375 5.696078431372549 48 51
1 36.5 4.342105263157895 26 57
1 22.35 3.8625 40 80
1 19.264705882352942 3.5851063829787235 34 94
1 9.25 3.646788990825688 28 109
1 7.5 3.7711864406779663 27 59
1 36.54347826086956 48.13636363636363 23 11
