1 7.444444444444445 4.3742857142857146 126 175
1 27.5 4.213114754098361 34 122
1 19.64 3.767175572519084 50 131
1 29.045454545454547 4.173611111111111 44 144
1 63.4 3.4504950495049505 30 101
1 47.666666666666664 3.5625 36 80
1 32.90425531914894 5.166666666666667 47 84
1 34.91463414634146 4.149122807017544 41 114
1 30.416666666666668 3.895348837209302 36 86
1 44.77272727272727 3.94 22 75
1 29.558823529411764 4.0588235294117645 34 102
1 31.7 3.7972972972972974 30 74
1 41.02173913043478 4.37719298245614 23 57
1 18.074468085106382 3.9556962025316458 47 79
1 16.25 3.6595744680851063 40 94
1 9.25 3.68348623853211 28 109
1 7.769230769230769 3.9655172413793105 26 58
1 80.16666666666667 49.5 12 11
