1 44.82258064516129 5.23469387755102 31 98
1 16.472972972972972 5.574074074074074 37 81
1 12.675675675675675 6.030973451327434 74 113
1 43.575 5.065217391304348 40 92
1 34.88461538461539 5.647368421052631 39 95
1 32.01219512195122 5.623287671232877 41 73
1 19.431818181818183 6.5 44 59
1 39.083333333333336 7.130434782608695 36 46
1 56.357142857142854 4.9625 28 80
1 33.871428571428574 5.162162162162162 35 74
1 20.532258064516128 5.147058823529412 31 85
1 25.26 7.071428571428571 25 42
1 56.2 50.6 10 10
1 11.628205128205128 5.7272727272727275 39 66
1 8.811688311688311 7.417355371900826 77 121
