1 19.28082191780822 5.6735537190082646 73 121
1 11.071428571428571 5.203389830508475 70 118
1 24.865853658536587 5.013513513513513 41 74
1 22.384615384615383 4.201298701298701 26 77
1 11.057142857142857 4.90566037735849 70 106
1 7.472972972972973 5.064102564102564 37 117
1 4.572727272727272 4.489247311827957 55 93
1 27.01219512195122 4.522471910112359 41 89
1 12.31081081081081 4.343373493975903 37 83
1 9.32857142857143 4.4772727272727275 35 88
1 1.28 4.4361702127659575 50 94
1 90.88888888888889 43.73529411764706 18 17
1 30.10377358490566 6.123853211009174 53 109
1 27.715686274509803 4.916666666666667 51 96
1 44.0609756097561 4.097014925373134 41 67
1 44.127906976744185 5.079710144927536 43 138
