1 38.06818181818182 6.306818181818182 44 88
1 10.518867924528301 6.514705882352941 53 68
1 12.521739130434783 7.120253164556962 46 79
1 27.214285714285715 6.75 49 80
1 62.34 6.326086956521739 25 69
1 38.11538461538461 6.868421052631579 26 57
1 62.61538461538461 9.26923076923077 26 39
1 43.406976744186046 6.371428571428571 43 70
1 63.26 6.161764705882353 25 68
1 37.725806451612904 6.263888888888889 31 72
1 58.38235294117647 10.758064516129032 17 31
1 24.38888888888889 62.875 9 8
1 46.26190476190476 7.179245283018868 21 53
1 16.42156862745098 5.63986013986014 51 143
1 8.666666666666666 5.8478260869565215 36 92
1 8.94 8.307692307692308 25 52
