1 20.37719298245614 5.2611940298507465 57 134
1 15.051020408163266 5.036 49 125
1 22.225 4.544943820224719 40 89
1 9.86 4.8924050632911396 25 79
1 17.725 4.945454545454545 40 110
1 0.5273972602739726 4.904255319148936 73 141
1 24.858974358974358 5.166666666666667 39 87
1 2.0306122448979593 5.073033707865169 49 89
1 0.5 4.90625 50 96
1 107.36666666666666 59.214285714285715 15 14
1 27.083333333333332 9.092592592592593 60 81
1 32.81707317073171 4.762135922330097 41 103
1 61.84782608695652 4.776923076923077 23 65
1 32.783018867924525 4.9375 53 128
