1 11.76595744680851 6.320754716981132 94 106
1 14.046875 4.851351351351352 64 111
1 0.5 4.2745098039215685 33 102
1 8.71951219512195 4.821100917431193 41 109
1 32.21111111111111 4.264705882352941 45 85
1 36.25 4.357142857142857 32 70
1 16.75 5.094059405940594 60 101
1 13.314814814814815 5.387755102040816 54 98
1 21.11111111111111 4.209677419354839 36 93
1 10.555555555555555 4.730769230769231 36 65
1 31.458333333333332 4.885542168674699 48 83
1 28.666666666666668 4.243589743589744 36 78
1 10.964285714285714 5.115384615384615 28 65
1 17.547619047619047 4.7025316455696204 42 79
1 17.083333333333332 4.394117647058824 36 85
1 4.8924050632911396 7.425 79 80
1 35.42857142857143 4.905405405405405 14 37
1 71.88095238095238 38.7 21 20
1 2.037037037037037 5.029411764705882 54 85
1 3.0121951219512195 4.604 82 125
1 1.4508196721311475 4.934343434343434 61 99
1 19.54 5.790909090909091 75 110
1 26.373015873015873 5.297872340425532 63 94
