1 35.56382978723404 6.219101123595506 47 89
1 10.576923076923077 6.5 52 68
1 12.202127659574469 7.205128205128205 47 78
1 27.645833333333332 6.841772151898734 48 79
1 62.46 6.4411764705882355 25 68
1 38.11538461538461 6.850877192982456 26 57
1 62.61538461538461 9.526315789473685 26 38
1 41.388888888888886 6.371428571428571 45 70
1 63.34 6.147058823529412 25 68
1 40.258620689655174 6.263888888888889 29 72
1 58.5 11.166666666666666 17 30
1 24.61111111111111 71.92857142857143 9 7
1 44.18181818181818 7.3076923076923075 22 52
1 17.77659574468085 5.583333333333333 47 144
1 8.694444444444445 5.858695652173913 36 92
1 9.458333333333334 8.480392156862745 24 51
