1 23.866666666666667 5.25 60 128
1 15.051020408163266 5.044 49 125
1 27.242857142857144 4.574074074074074 35 81
1 12.471428571428572 4.447368421052632 35 76
1 13.160714285714286 4.775229357798165 56 109
1 2.9444444444444446 5.152892561983471 54 121
1 2.5625 4.489583333333333 48 96
1 23.732558139534884 4.636363636363637 43 88
1 6.3936170212765955 4.548192771084337 47 83
1 6.0 4.659090909090909 36 88
1 95.55882352941177 46.61764705882353 17 17
1 22.069444444444443 6.12962962962963 72 108
1 25.24074074074074 4.9 54 95
1 48.38235294117647 4.253846153846154 34 65
1 26.161971830985916 5.015151515151516 71 132
