1 20.18 5.698198198198198 50 111
1 32.0 6.378048780487805 38 82
1 9.476744186046512 5.567961165048544 43 103
1 47.85294117647059 5.3076923076923075 34 78
1 37.554054054054056 5.725806451612903 37 62
1 23.519607843137255 5.911111111111111 51 90
1 14.944444444444445 5.135593220338983 45 118
1 19.56 5.247126436781609 50 87
1 16.035714285714285 5.468253968253968 28 63
1 47.128571428571426 5.370588235294117 35 85
1 29.75 5.065789473684211 40 76
1 18.913793103448278 8.25 29 44
1 22.28048780487805 5.3125 41 80
1 20.28048780487805 5.117283950617284 41 81
1 9.3 5.7 60 95
1 35.333333333333336 6.985714285714286 18 35
1 43.0 18.1 18 15
1 7.785714285714286 5.773972602739726 42 73
1 9.846938775510203 6.009803921568627 49 102
1 4.681818181818182 5.509708737864078 66 103
1 18.789473684210527 5.666666666666667 76 120
1 31.98148148148148 5.46969696969697 54 99
