1 15.134146341463415 4.755813953488372 82 129
1 13.762295081967213 5.091836734693878 61 98
1 7.942857142857143 4.3768115942028984 70 138
1 38.96511627906977 3.84375 43 96
1 23.0531914893617 4.217948717948718 47 78
1 22.25409836065574 4.3 61 100
1 15.5 10.736363636363636 73 55
1 19.047619047619047 4.530612244897959 42 98
1 10.157894736842104 4.158227848101266 38 79
1 35.5 4.3173076923076925 52 104
1 36.04838709677419 4.024271844660194 31 103
1 19.76829268292683 7.5701754385964914 41 57
1 6.5 4.5246913580246915 31 81
1 6.475 4.200854700854701 80 117
1 11.447368421052632 4.188888888888889 19 45
1 50.833333333333336 48.5 15 13
1 14.637931034482758 4.519047619047619 58 105
1 3.1 4.541666666666667 75 144
1 23.863636363636363 5.721238938053097 66 113
1 27.33076923076923 4.296296296296297 65 108
