1 8.108333333333333 5.098726114649682 120 157
1 24.08974358974359 4.052 39 125
1 15.436507936507937 5.166666666666667 63 102
1 20.08730158730159 4.414285714285715 63 140
1 63.36666666666667 3.391089108910891 30 101
1 53.375 3.4753086419753085 32 81
1 24.09375 4.543478260869565 64 92
1 28.806122448979593 4.846534653465347 49 101
1 28.026315789473685 3.8448275862068964 38 87
1 23.30952380952381 4.411764705882353 42 68
1 15.084615384615384 4.543010752688172 65 93
1 19.82 6.413043478260869 50 46
1 41.15217391304348 4.083333333333333 23 60
1 19.72222222222222 3.9430379746835444 45 79
1 18.585714285714285 3.617021276595745 35 94
1 9.214285714285714 3.6559633027522938 28 109
1 7.5 3.896551724137931 27 58
1 39.06521739130435 48.31818181818182 23 11
