1 17.407692307692308 4.904761904761905 65 126
1 15.232142857142858 4.379310344827586 56 116
1 0.5 3.66793893129771 42 131
1 13.839285714285714 4.5078125 56 128
1 35.8 3.7708333333333335 50 96
1 36.03125 4.032467532467533 32 77
1 27.673076923076923 4.41 52 100
1 14.647727272727273 9.614754098360656 88 61
1 26.6875 9.954545454545455 32 44
1 13.728571428571428 4.157894736842105 35 76
1 43.24418604651163 4.240384615384615 43 104
1 22.59259259259259 4.24468085106383 54 94
1 20.07777777777778 4.190721649484536 45 97
1 7.823529411764706 4.6506849315068495 34 73
1 6.745901639344262 4.077586206896552 61 116
1 17.666666666666668 3.8260869565217392 18 46
1 44.39473684210526 47.642857142857146 19 14
1 13.106060606060606 4.1380952380952385 66 105
1 2.257142857142857 4.437931034482759 70 145
1 24.68032786885246 5.303149606299213 61 127
1 29.418032786885245 4.29646017699115 61 113
