1 19.233333333333334 5.796610169491525 75 118
1 13.7 5.216666666666667 55 120
1 19.744897959183675 4.575 49 80
1 15.0625 4.486486486486487 32 74
1 15.479166666666666 4.607142857142857 48 112
1 3.740740740740741 5.194915254237288 54 118
1 3.3 4.468421052631579 50 95
1 24.337209302325583 4.672413793103448 43 87
1 8.775 4.427710843373494 40 83
1 5.1 4.433333333333334 50 90
1 95.26470588235294 46.14705882352941 17 17
1 26.55 6.041284403669724 60 109
1 24.096491228070175 4.921052631578948 57 95
1 49.911764705882355 4.151515151515151 34 66
1 26.01388888888889 4.9411764705882355 72 136
