1 41.375 6.373563218390805 40 87
1 10.520833333333334 6.7 48 65
1 14.25 6.476190476190476 40 84
1 34.7972972972973 7.809859154929577 37 71
1 64.46 5.986111111111111 25 72
1 45.54545454545455 7.166666666666667 22 54
1 86.65789473684211 8.244186046511627 19 43
1 42.73255813953488 6.634328358208955 43 67
1 53.333333333333336 6.838709677419355 30 62
1 28.451219512195124 6.302816901408451 41 71
1 54.39473684210526 9.214285714285714 19 35
1 27.166666666666668 71.35714285714286 9 7
1 44.5 7.683673469387755 22 49
1 11.928571428571429 6.086466165413534 70 133
1 7.546511627906977 5.647368421052631 43 95
1 5.7 8.00943396226415 45 53
