1 35.82608695652174 6.337209302325581 46 86
1 15.548780487804878 6.208333333333333 41 72
1 9.23611111111111 6.373684210526315 72 95
1 55.94117647058823 5.957831325301205 34 83
1 24.275862068965516 6.573170731707317 58 82
1 40.294117647058826 6.235294117647059 34 68
1 31.464285714285715 6.532786885245901 28 61
1 65.8913043478261 7.478260869565218 23 46
1 46.4 6.384057971014493 40 69
1 45.82258064516129 5.795774647887324 31 71
1 32.71875 6.034246575342466 32 73
1 33.03846153846154 8.05 26 40
1 26.1 63.875 10 8
1 25.045454545454547 6.533333333333333 33 60
1 13.822033898305085 5.668918918918919 59 148
1 2.6363636363636362 5.542553191489362 44 94
