1 10.348214285714286 4.981481481481482 112 162
1 21.543478260869566 4.032258064516129 46 124
1 10.607142857142858 4.084745762711864 84 118
1 15.13855421686747 4.3671328671328675 83 143
1 50.128571428571426 3.3395061728395063 35 81
1 26.362068965517242 3.8076923076923075 58 104
1 18.158227848101266 7.471830985915493 79 71
1 25.22093023255814 4.0 43 84
1 20.0 4.279411764705882 48 68
1 20.384615384615383 3.9411764705882355 52 102
1 20.20909090909091 4.106060606060606 55 66
1 34.60344827586207 3.9915254237288136 29 59
1 28.029411764705884 3.825 34 80
1 20.264705882352942 3.4468085106382977 34 94
1 8.166666666666666 3.649532710280374 33 107
1 8.12962962962963 3.5166666666666666 27 60
1 22.545454545454547 47.5 22 11
