1 32.9375 5.67741935483871 48 124
1 26.555555555555557 5.567961165048544 54 103
1 1.1 5.809859154929577 30 71
1 11.025 6.2011494252873565 40 87
1 38.714285714285715 5.822916666666667 42 96
1 13.959016393442623 5.9363636363636365 61 110
1 51.12068965517241 5.936619718309859 29 71
1 37.88095238095238 6.462264150943396 21 53
1 58.875 5.712121212121212 32 66
1 54.86 7.043478260869565 25 46
1 49.95161290322581 5.5131578947368425 31 76
1 49.92857142857143 5.5 28 72
1 29.370967741935484 5.425925925925926 31 81
1 63.6875 7.202702702702703 16 37
1 37.11538461538461 26.142857142857142 13 14
1 32.45652173913044 6.107142857142857 23 56
1 9.73611111111111 5.7330827067669174 72 133
1 7.894736842105263 5.572164948453608 38 97
1 4.0 5.806451612903226 26 62
1 21.32051282051282 5.6640625 78 128
