1 17.333333333333332 6.5 60 98
1 20.98148148148148 5.954545454545454 54 88
1 5.25 4.706521739130435 36 92
1 17.12162162162162 7.25 37 80
1 36.71739130434783 5.055555555555555 46 81
1 49.166666666666664 5.0588235294117645 30 68
1 22.807692307692307 5.3979591836734695 52 98
1 20.88095238095238 5.48 42 100
1 23.704545454545453 5.0227272727272725 44 88
1 29.227272727272727 5.23015873015873 22 63
1 40.895348837209305 5.063218390804598 43 87
1 36.5 4.639240506329114 36 79
1 23.35185185185185 5.532258064516129 27 62
1 33.733333333333334 4.86144578313253 30 83
1 23.0 4.919753086419753 38 81
1 7.235632183908046 5.338383838383838 87 99
1 41.078947368421055 5.9324324324324325 19 37
1 43.214285714285715 23.944444444444443 21 18
1 7.861702127659575 5.302469135802469 47 81
1 13.386363636363637 6.686046511627907 44 86
1 9.038461538461538 5.446236559139785 52 93
1 23.225806451612904 7.755813953488372 62 86
1 40.077777777777776 5.34 45 100
