1 14.425 4.590225563909774 80 133
1 16.145833333333332 4.859223300970874 48 103
1 10.777777777777779 4.354014598540146 54 137
1 34.75 3.54 48 100
1 31.058823529411764 3.95 34 80
1 31.08139534883721 4.176470588235294 43 102
1 15.364864864864865 9.923728813559322 74 59
1 20.66216216216216 3.9074074074074074 37 108
1 10.042857142857143 3.932098765432099 35 81
1 30.771186440677965 4.0092592592592595 59 108
1 23.041666666666668 3.712962962962963 48 108
1 17.566666666666666 4.445652173913044 45 92
1 4.725806451612903 4.388888888888889 31 81
1 6.036231884057971 3.8821138211382116 69 123
1 8.136363636363637 3.6458333333333335 22 48
1 48.766666666666666 46.214285714285715 15 14
1 14.026315789473685 4.386792452830188 57 106
1 1.789855072463768 4.541095890410959 69 146
1 18.825 5.30327868852459 80 122
1 31.48181818181818 4.298165137614679 55 109
