1 21.666666666666668 4.918032786885246 48 122
1 29.25 5.588888888888889 40 90
1 1.969387755102041 4.954545454545454 49 88
1 15.08974358974359 6.5 39 87
1 42.05 4.662790697674419 40 86
1 44.46969696969697 5.212121212121212 33 66
1 28.547619047619047 5.629032258064516 42 93
1 17.270833333333332 5.271428571428571 48 105
1 27.7972972972973 4.627659574468085 37 94
1 27.363636363636363 5.338709677419355 22 62
1 41.357142857142854 5.097701149425287 42 87
1 38.89393939393939 4.743589743589744 33 78
1 21.0 5.788135593220339 30 59
1 32.11290322580645 5.1125 31 80
1 23.77027027027027 4.629411764705883 37 85
1 8.425373134328359 8.484375 67 64
1 47.25 6.013513513513513 16 37
1 30.166666666666668 26.81578947368421 21 19
1 9.973684210526315 5.166666666666667 38 81
1 14.551282051282051 7.4 39 80
1 11.344444444444445 5.489247311827957 45 93
1 29.867346938775512 5.517391304347826 49 115
1 39.56666666666667 4.901869158878505 45 107
