1 41.470588235294116 5.844444444444444 34 90
1 11.833333333333334 5.9868421052631575 54 76
1 12.414285714285715 6.5 70 103
1 38.0 5.593023255813954 46 86
1 31.453488372093023 5.895604395604396 43 91
1 32.73076923076923 5.708333333333333 39 72
1 26.9 6.758620689655173 30 58
1 46.46666666666667 7.0 30 48
1 53.666666666666664 5.54 30 75
1 43.035714285714285 5.584507042253521 28 71
1 20.924242424242426 5.353658536585366 33 82
1 34.44736842105263 6.9772727272727275 19 44
1 57.7 61.375 10 8
1 14.472222222222221 6.703389830508475 36 59
1 9.123376623376624 6.612781954887218 77 133
