1 15.578947368421053 6.160550458715596 76 109
1 13.328125 4.995495495495495 64 111
1 4.25 6.219101123595506 52 89
1 29.27777777777778 4.307228915662651 45 83
1 33.56666666666667 4.194444444444445 30 72
1 17.425925925925927 5.019607843137255 54 102
1 13.095744680851064 4.907407407407407 47 108
1 18.863636363636363 4.313186813186813 33 91
1 7.125 4.5 32 69
1 28.979166666666668 4.902439024390244 48 82
1 24.47222222222222 4.305194805194805 36 77
1 4.3108108108108105 5.166666666666667 37 66
1 13.329787234042554 5.208333333333333 47 72
1 11.333333333333334 4.406976744186046 42 86
1 3.237704918032787 4.894736842105263 61 114
1 20.852941176470587 4.815789473684211 17 38
1 75.64285714285714 39.088235294117645 21 17
1 0.7258064516129032 4.730769230769231 93 130
1 16.06989247311828 5.9672897196261685 93 107
1 22.330985915492956 4.938775510204081 71 98
