1 15.9375 5.554054054054054 64 111
1 39.833333333333336 6.119047619047619 30 84
1 12.378048780487806 7.275 41 80
1 29.954545454545453 5.1375 55 80
1 65.22727272727273 5.484375 22 64
1 20.533898305084747 5.682795698924731 59 93
1 25.166666666666668 5.2727272727272725 30 110
1 25.025 5.380952380952381 40 84
1 21.22 5.483870967741935 25 62
1 37.65555555555556 5.189655172413793 45 87
1 35.357142857142854 4.9868421052631575 35 76
1 21.285714285714285 6.911764705882353 28 51
1 36.76923076923077 5.225 26 80
1 26.84375 4.785714285714286 32 84
1 6.476190476190476 5.7 84 95
1 39.05555555555556 6.7 18 35
1 32.85 23.147058823529413 20 17
1 9.166666666666666 5.371794871794871 39 78
1 12.573170731707316 5.757425742574258 41 101
1 8.592592592592593 5.009090909090909 54 110
1 21.902985074626866 5.635593220338983 67 118
1 50.01428571428571 5.321782178217822 35 101
