1 14.568493150684931 4.854330708661418 73 127
1 13.833333333333334 4.254237288135593 54 118
1 10.4 4.301470588235294 60 136
1 72.8913043478261 3.6666666666666665 23 96
1 30.823529411764707 3.85 34 80
1 28.934782608695652 4.215686274509804 46 102
1 14.91025641025641 8.930769230769231 78 65
1 18.625 6.515151515151516 40 66
1 9.871428571428572 3.8333333333333335 35 81
1 34.11538461538461 4.056603773584905 52 106
1 17.69047619047619 3.9215686274509802 63 102
1 18.174418604651162 4.055555555555555 43 99
1 3.5303030303030303 4.3125 33 80
1 5.366666666666666 4.033898305084746 60 118
1 8.45 3.4375 20 48
1 48.1 47.42857142857143 15 14
1 15.5 4.983516483516484 49 91
1 0.5 4.3933333333333335 75 150
1 17.85 5.1 80 130
1 28.35 4.205357142857143 60 112
