1 18.93548387096774 5.093220338983051 62 118
1 19.6 4.880952380952381 50 105
1 6.476744186046512 4.696078431372549 43 102
1 23.75 5.085585585585585 40 111
1 44.975 4.252808988764045 40 89
1 41.2 4.597222222222222 30 72
1 30.979166666666668 4.677083333333333 48 96
1 18.67808219178082 9.566666666666666 73 60
1 27.055555555555557 4.521505376344086 36 93
1 24.833333333333332 5.265625 27 64
1 37.66326530612245 4.53030303030303 49 99
1 27.43617021276596 4.670454545454546 47 88
1 7.013513513513513 4.931818181818182 37 88
1 25.475 4.810344827586207 40 87
1 18.653846153846153 5.453846153846154 26 65
1 15.236842105263158 4.658415841584159 38 101
1 25.69047619047619 5.5 21 40
1 54.078947368421055 46.57142857142857 19 14
1 21.322222222222223 4.71505376344086 45 93
1 5.573529411764706 5.271186440677966 68 118
1 2.5851063829787235 4.833333333333333 47 105
1 21.905797101449274 5.434959349593496 69 123
1 36.45918367346939 4.975247524752476 49 101
