1 17.118181818181817 4.47093023255814 55 172
1 29.15625 4.213114754098361 32 122
1 18.537735849056602 3.68796992481203 53 133
1 29.068181818181817 4.273049645390071 44 141
1 63.43333333333333 3.4603960396039604 30 101
1 75.06521739130434 3.5123456790123457 23 81
1 30.9 5.329268292682927 50 82
1 35.03658536585366 4.199115044247788 41 113
1 33.56060606060606 3.895348837209302 33 86
1 44.95454545454545 3.94 22 75
1 34.53448275862069 3.9615384615384617 29 104
1 39.541666666666664 3.6153846153846154 24 78
1 41.06521739130435 4.412280701754386 23 57
1 15.027272727272727 4.0256410256410255 55 78
1 19.235294117647058 3.6914893617021276 34 94
1 9.25 3.6926605504587156 28 109
1 8.06 4.0 25 58
1 80.25 49.59090909090909 12 11
