1 43.38235294117647 5.553191489361702 34 94
1 10.394736842105264 6.8283582089552235 57 67
1 10.753731343283581 6.8936170212765955 67 94
1 41.92857142857143 6.217948717948718 42 78
1 27.336734693877553 6.4879518072289155 49 83
1 40.20967741935484 6.453846153846154 31 65
1 26.189655172413794 6.467213114754099 29 61
1 53.26923076923077 7.020833333333333 26 48
1 50.77272727272727 5.902777777777778 33 72
1 49.78 5.597222222222222 25 72
1 26.9 5.602564102564102 30 78
1 36.078947368421055 7.523809523809524 19 42
1 32.88461538461539 61.125 13 8
1 16.824324324324323 6.7 37 60
1 8.642857142857142 6.098591549295775 84 142
