1 41.03846153846154 6.293103448275862 39 87
1 11.287878787878787 6.257575757575758 33 66
1 14.15 6.0 40 86
1 37.9375 7.54054054054054 32 74
1 66.42 5.648648648648648 25 74
1 54.55555555555556 6.7407407407407405 18 54
1 81.95 7.7272727272727275 20 44
1 41.36046511627907 6.425373134328358 43 67
1 66.875 6.991525423728813 24 59
1 29.263157894736842 6.311594202898551 38 69
1 63.85294117647059 8.067567567567568 17 37
1 28.1 39.5 10 10
1 39.875 7.627659574468085 24 47
1 12.669230769230769 5.613475177304965 65 141
1 8.77027027027027 5.659574468085107 37 94
1 5.833333333333333 6.913793103448276 45 58
