1 35.708333333333336 6.071428571428571 48 91
1 12.38679245283019 6.330985915492958 53 71
1 14.011111111111111 6.6022727272727275 45 88
1 44.1875 6.734567901234568 32 81
1 55.53703703703704 5.797297297297297 27 74
1 34.82142857142857 6.666666666666667 28 60
1 70.1086956521739 8.090909090909092 23 44
1 119.4375 6.222222222222222 16 72
1 48.34375 5.894366197183099 32 71
1 34.5 6.705882352941177 34 68
1 60.3125 8.631578947368421 16 38
1 23.9 63.875 10 8
1 35.351851851851855 6.982142857142857 27 56
1 11.366666666666667 5.786713286713287 75 143
1 6.2555555555555555 5.84065934065934 45 91
1 4.148648648648648 6.703125 37 64
