1 13.83695652173913 5.362903225806452 92 124
1 14.535714285714286 4.974137931034483 56 116
1 0.7448979591836735 4.867521367521367 49 117
1 24.071428571428573 4.4375 49 80
1 28.70689655172414 4.184931506849315 29 73
1 14.28688524590164 4.724299065420561 61 107
1 9.948979591836734 4.717391304347826 49 115
1 9.22549019607843 4.603448275862069 51 87
1 1.1176470588235294 4.6 34 70
1 30.333333333333332 4.932098765432099 42 81
1 22.0 4.2 32 80
1 14.25 4.7 36 80
1 8.263157894736842 4.225274725274725 38 91
1 9.05 4.451219512195122 20 41
1 91.27777777777777 42.3235294117647 18 17
1 16.177083333333332 5.77027027027027 96 111
1 24.43548387096774 5.031914893617022 62 94
