1 14.576923076923077 6.219626168224299 65 107
1 21.149122807017545 7.0256410256410255 57 78
1 2.676470588235294 5.764705882352941 51 102
1 34.233333333333334 5.902777777777778 45 72
1 44.535714285714285 5.745901639344262 28 61
1 24.63953488372093 5.938202247191011 43 89
1 6.8478260869565215 5.246153846153846 69 130
1 15.625 5.523809523809524 56 84
1 6.625 5.795081967213115 32 61
1 39.8421052631579 5.2011494252873565 38 87
1 27.525641025641026 5.153333333333333 39 75
1 13.981481481481481 6.078947368421052 27 57
1 21.22972972972973 5.538461538461538 37 78
1 15.47872340425532 5.726666666666667 47 75
1 6.944444444444445 6.611111111111111 72 81
1 19.59090909090909 6.944444444444445 22 36
1 62.6875 15.7 16 15
1 3.3461538461538463 6.363636363636363 52 66
1 3.7470588235294118 6.40566037735849 85 106
1 20.758064516129032 5.408396946564886 62 131
1 23.888059701492537 6.02808988764045 67 89
