1 13.895604395604396 5.4105691056910565 91 123
1 15.424528301886792 5.004347826086956 53 115
1 0.9489795918367347 4.8247863247863245 49 117
1 24.275510204081634 4.512658227848101 49 79
1 29.086206896551722 4.25 29 72
1 13.928571428571429 4.724299065420561 63 107
1 11.272727272727273 4.691304347826087 44 115
1 9.66 4.580459770114943 50 87
1 1.7 4.585714285714285 30 70
1 29.15909090909091 4.932098765432099 44 81
1 21.71212121212121 4.2594936708860756 33 79
1 14.094594594594595 4.7 37 80
1 8.797297297297296 4.214285714285714 37 91
1 10.236842105263158 4.705128205128205 19 39
1 91.05555555555556 41.6764705882353 18 17
1 17.78735632183908 5.761261261261262 87 111
1 22.984848484848484 5.080645161290323 66 93
