1 25.425925925925927 5.008064516129032 54 124
1 13.161971830985916 5.959770114942529 71 87
1 10.5 4.642857142857143 49 133
1 44.554054054054056 4.260869565217392 37 92
1 37.189655172413794 4.6066666666666665 29 75
1 31.988372093023255 4.851648351648351 43 91
1 12.063218390804598 11.84 87 50
1 16.115384615384617 4.833333333333333 52 96
1 13.362068965517242 4.5519480519480515 29 77
1 53.64705882352941 4.788659793814433 34 97
1 29.25 4.489583333333333 36 96
1 19.238095238095237 5.0 42 88
1 10.416666666666666 5.162337662337662 24 77
1 9.955696202531646 5.088785046728972 79 107
1 12.452380952380953 4.886363636363637 21 44
1 71.95454545454545 49.083333333333336 11 12
1 11.684615384615384 4.661616161616162 65 99
1 6.378787878787879 4.93609022556391 66 133
1 27.078125 5.0 64 130
1 30.270491803278688 4.908163265306122 61 98
