1 16.677419354838708 7.627906976744186 62 86
1 18.15573770491803 5.752747252747253 61 91
1 4.809523809523809 4.682795698924731 42 93
1 15.875 5.878947368421053 40 95
1 38.29545454545455 4.674418604651163 44 86
1 34.76190476190476 4.885714285714286 42 70
1 21.427272727272726 5.137254901960785 55 102
1 20.738095238095237 5.46 42 100
1 24.666666666666668 4.915730337078652 42 89
1 25.62 5.053846153846154 25 65
1 39.90909090909091 5.1395348837209305 44 86
1 36.361111111111114 4.651898734177215 36 79
1 17.557142857142857 5.596774193548387 35 62
1 40.06 4.86144578313253 25 83
1 21.134146341463413 5.1075949367088604 41 79
1 7.535714285714286 4.888888888888889 84 108
1 40.81578947368421 5.878378378378378 19 37
1 47.73809523809524 25.029411764705884 21 17
1 7.5 5.364197530864198 47 81
1 14.782051282051283 6.173913043478261 39 92
1 7.161290322580645 5.510869565217392 62 92
1 20.14788732394366 8.114457831325302 71 83
1 38.351063829787236 5.262376237623762 47 101
