1 23.754545454545454 5.239495798319328 55 119
1 13.576923076923077 9.007936507936508 65 63
1 6.671875 5.116 64 125
1 32.166666666666664 4.291208791208791 48 91
1 23.571428571428573 4.787671232876712 42 73
1 34.851351351351354 4.862637362637362 37 91
1 9.469696969696969 14.034883720930232 99 43
1 12.242424242424242 5.476470588235294 66 85
1 10.321428571428571 4.78 28 75
1 40.57142857142857 4.737113402061856 42 97
1 18.8 4.009615384615385 50 104
1 21.863636363636363 4.604166666666667 33 96
1 5.907407407407407 5.368421052631579 27 76
1 12.044117647058824 5.1422018348623855 68 109
1 6.6923076923076925 5.357142857142857 26 42
1 58.26923076923077 43.142857142857146 13 14
1 10.324561403508772 5.119565217391305 57 92
1 5.623076923076923 5.033834586466165 65 133
1 33.42 5.053846153846154 50 130
1 31.767857142857142 4.480952380952381 56 105
