1 27.73913043478261 5.012195121951219 46 123
1 16.01851851851852 8.817460317460318 54 63
1 6.119047619047619 4.896946564885496 63 131
1 36.86585365853659 4.431818181818182 41 88
1 23.875 4.819444444444445 40 72
1 30.573170731707318 4.829670329670329 41 91
1 9.928571428571429 13.848837209302326 91 43
1 12.926229508196721 5.8544303797468356 61 79
1 7.919354838709677 4.793333333333333 31 75
1 37.77272727272727 4.590909090909091 44 99
1 16.017857142857142 4.4375 56 96
1 20.742424242424242 4.59375 33 96
1 4.314814814814815 5.19620253164557 27 79
1 10.802631578947368 4.969026548672566 76 113
1 5.804347826086956 5.333333333333333 23 42
1 58.11538461538461 43.42857142857143 13 14
1 7.527777777777778 5.375 72 88
1 5.084615384615384 5.071428571428571 65 133
1 28.833333333333332 4.943609022556391 57 133
1 27.833333333333332 4.72 63 100
