1 9.638297872340425 5.586614173228346 94 127
1 16.823076923076922 6.328282828282828 65 99
1 3.63953488372093 5.2075471698113205 43 106
1 33.776595744680854 5.442857142857143 47 70
1 28.5 5.972727272727273 48 55
1 18.82075471698113 5.744897959183674 53 98
1 2.0825242718446604 5.594488188976378 103 127
1 23.23170731707317 4.909638554216867 41 83
1 14.153846153846153 5.627272727272727 26 55
1 26.193548387096776 6.088235294117647 62 68
1 41.04838709677419 5.516666666666667 31 60
1 24.75 6.636363636363637 28 44
1 30.59375 5.873134328358209 32 67
1 17.17391304347826 4.972972972972973 46 74
1 7.981481481481482 5.073033707865169 54 89
1 29.710526315789473 6.742424242424242 19 33
1 100.42307692307692 41.1 13 15
1 6.075 5.467741935483871 40 62
1 8.576923076923077 5.570796460176991 39 113
1 11.422222222222222 6.5754716981132075 90 106
1 40.38095238095238 6.666666666666667 42 72
