1 20.640350877192983 5.490654205607477 57 107
1 31.147058823529413 5.211340206185567 34 97
1 11.58108108108108 4.946808510638298 37 94
1 27.32051282051282 6.026881720430108 39 93
1 42.214285714285715 5.162337662337662 42 77
1 40.0 5.390625 32 64
1 35.80952380952381 5.337209302325581 42 86
1 24.763157894736842 9.724137931034482 57 58
1 36.258620689655174 5.1875 29 80
1 35.36363636363637 5.436507936507937 22 63
1 39.02173913043478 5.2701149425287355 46 87
1 42.725806451612904 4.987804878048781 31 82
1 16.7 5.631578947368421 25 76
1 27.45 5.5 40 78
1 21.362068965517242 6.206896551724138 29 58
1 15.045454545454545 5.286516853932584 44 89
1 47.07142857142857 6.342105263157895 14 38
1 65.5 46.214285714285715 19 14
1 25.475 5.2560975609756095 40 82
1 10.7 5.537383177570093 45 107
1 8.264705882352942 4.934343434343434 34 99
1 33.63636363636363 6.0636363636363635 44 110
1 38.06521739130435 5.913793103448276 46 87
