1 24.303571428571427 5.532520325203252 56 123
1 12.310344827586206 4.9393939393939394 58 132
1 21.5 4.5 42 86
1 8.525641025641026 4.7631578947368425 39 76
1 15.5 4.732142857142857 46 112
1 1.5666666666666667 4.7700729927007295 45 137
1 0.725 4.611111111111111 40 99
1 23.875 5.162650602409639 40 83
1 4.67948717948718 4.672413793103448 39 87
1 3.557142857142857 4.893258426966292 35 89
1 95.79411764705883 47.61764705882353 17 17
1 21.705479452054796 5.875 73 112
1 22.133333333333333 5.057894736842106 60 95
1 52.53448275862069 4.4393939393939394 29 66
1 29.258064516129032 5.212 62 125
