1 10.424242424242424 4.406593406593407 132 182
1 21.16 3.9206349206349205 50 126
1 9.911764705882353 3.97008547008547 85 117
1 13.752747252747254 4.51418439716312 91 141
1 34.24074074074074 3.231707317073171 54 82
1 33.03191489361702 3.8173076923076925 47 104
1 20.143835616438356 4.713592233009709 73 103
1 32.5 3.3842105263157896 36 95
1 23.182926829268293 3.824324324324324 41 74
1 16.857142857142858 4.136363636363637 70 99
1 21.38135593220339 3.595890410958904 59 73
1 45.708333333333336 3.5952380952380953 24 63
1 27.986486486486488 3.7962962962962963 37 81
1 20.472972972972972 3.3125 37 96
1 5.357142857142857 3.8009708737864076 56 103
1 9.685185185185185 3.433333333333333 27 60
1 21.714285714285715 43.25 14 12
