1 16.78048780487805 5.2734375 82 128
1 9.081395348837209 5.127118644067797 86 118
1 24.928571428571427 4.913333333333333 42 75
1 17.14864864864865 4.14935064935065 37 77
1 12.328125 4.90566037735849 64 106
1 5.416666666666667 5.1902654867256635 60 113
1 5.989795918367347 4.456989247311828 49 93
1 23.214285714285715 4.626436781609195 49 87
1 15.84375 4.271084337349397 32 83
1 8.642857142857142 4.409090909090909 42 88
1 2.5869565217391304 4.361702127659575 46 94
1 91.27777777777777 44.85294117647059 18 17
1 26.270491803278688 6.0963302752293576 61 109
1 24.26271186440678 4.8061224489795915 59 98
1 41.34444444444444 4.269230769230769 45 65
1 59.46875 5.86 32 125
