1 18.232394366197184 4.854330708661418 71 127
1 15.7 4.723300970873787 55 103
1 10.833333333333334 4.606060606060606 51 132
1 46.75 3.9526315789473685 36 95
1 27.96153846153846 4.1125 39 80
1 24.990909090909092 4.348484848484849 55 99
1 14.98 10.7 75 55
1 22.88888888888889 3.9324324324324325 36 111
1 11.823529411764707 4.318181818181818 34 77
1 32.224137931034484 4.355769230769231 58 104
1 32.61764705882353 4.19 34 100
1 20.65 7.398305084745763 40 59
1 7.467741935483871 4.648148148148148 31 81
1 9.109375 4.68348623853211 64 109
1 16.033333333333335 4.322222222222222 15 45
1 55.92857142857143 51.583333333333336 14 12
1 18.788888888888888 4.606796116504855 45 103
1 3.8506493506493507 4.731884057971015 77 138
1 21.886666666666667 5.092 75 125
1 31.20689655172414 4.74 58 100
