1 33.775 7.447916666666667 40 96
1 32.329268292682926 5.655339805825243 41 103
1 9.841463414634147 5.140776699029126 41 103
1 64.12068965517241 5.409090909090909 29 66
1 37.18421052631579 5.470588235294118 38 102
1 10.592592592592593 5.3515625 54 128
1 43.46774193548387 4.921686746987952 31 83
1 37.5 6.018518518518518 19 54
1 63.092592592592595 5.393939393939394 27 66
1 49.416666666666664 6.855555555555555 24 45
1 48.810344827586206 5.132911392405063 29 79
1 42.87931034482759 5.2534246575342465 29 73
1 20.842105263157894 5.005747126436781 38 87
1 54.73529411764706 6.833333333333333 17 36
1 26.678571428571427 31.642857142857142 28 21
1 23.27777777777778 5.6525423728813555 27 59
1 11.944444444444445 4.722222222222222 54 135
1 4.6923076923076925 5.096153846153846 52 104
1 0.7333333333333333 5.1923076923076925 30 65
1 25.22222222222222 5.753968253968254 54 126
