1 21.017857142857142 5.509345794392523 56 107
1 29.27777777777778 5.28125 36 96
1 10.653846153846153 4.9 39 95
1 25.11904761904762 5.833333333333333 42 96
1 41.26744186046512 5.076923076923077 43 78
1 39.90625 5.375 32 64
1 38.52564102564103 5.258620689655173 39 87
1 24.69298245614035 9.724137931034482 57 58
1 37.32142857142857 5.12962962962963 28 81
1 32.041666666666664 5.436507936507937 24 63
1 41.825581395348834 5.2701149425287355 43 87
1 37.785714285714285 5.0 35 82
1 15.615384615384615 5.39873417721519 26 79
1 27.325 5.5 40 78
1 21.017241379310345 6.093220338983051 29 59
1 14.566666666666666 5.222222222222222 45 90
1 43.233333333333334 6.2631578947368425 15 38
1 64.1842105263158 46.142857142857146 19 14
1 24.76829268292683 5.2682926829268295 41 82
1 10.795454545454545 5.372727272727273 44 110
1 7.5 4.944444444444445 36 99
1 31.56382978723404 5.995495495495495 47 111
1 35.06 5.747191011235955 50 89
