1 51.621212121212125 6.155555555555556 33 90
1 11.263636363636364 6.116438356164384 55 73
1 10.570175438596491 6.945783132530121 57 83
1 27.205882352941178 6.370588235294117 51 85
1 63.625 6.119718309859155 24 71
1 51.921052631578945 6.788135593220339 19 59
1 73.77272727272727 8.068181818181818 22 44
1 63.36666666666667 6.222222222222222 30 72
1 50.53225806451613 6.0 31 70
1 29.6 6.387323943661972 40 71
1 46.595238095238095 9.166666666666666 21 36
1 21.9 63.375 10 8
1 46.023809523809526 6.366666666666666 21 60
1 13.725806451612904 5.723776223776224 62 143
1 8.0 5.966666666666667 38 90
1 6.112903225806452 6.887096774193548 31 62
