1 22.62280701754386 5.4603174603174605 57 126
1 12.161016949152541 4.984848484848484 59 132
1 26.651515151515152 4.557471264367816 33 87
1 7.75 4.915584415584416 36 77
1 14.295918367346939 4.821428571428571 49 112
1 0.626984126984127 4.814285714285714 63 140
1 26.585714285714285 5.450617283950617 35 81
1 3.4722222222222223 4.913793103448276 36 87
1 1.5816326530612246 4.9945054945054945 49 91
1 96.44117647058823 48.14705882352941 17 17
1 27.364406779661017 6.0225225225225225 59 111
1 30.61627906976744 5.295698924731183 43 93
1 44.34848484848485 4.684615384615385 33 65
1 33.575471698113205 5.42436974789916 53 119
