1 21.603448275862068 5.368217054263566 58 129
1 13.481481481481481 4.9393939393939394 54 132
1 23.105263157894736 4.686046511627907 38 86
1 6.65 5.0064935064935066 40 77
1 15.677777777777777 4.7368421052631575 45 114
1 0.6016949152542372 4.857142857142857 59 140
1 22.74390243902439 5.6 41 80
1 2.7195121951219514 5.040229885057471 41 87
1 1.4318181818181819 5.0 44 92
1 95.97058823529412 48.5 17 17
1 24.350746268656717 6.13063063063063 67 111
1 28.074468085106382 5.413043478260869 47 92
1 48.1 4.84375 30 64
1 26.246268656716417 5.517094017094017 67 117
