1 10.101851851851851 6.451923076923077 108 104
1 14.140625 4.872727272727273 64 110
1 0.5 4.33 48 100
1 8.41304347826087 4.861111111111111 46 108
1 37.55128205128205 4.288235294117647 39 85
1 36.84375 4.371428571428571 32 70
1 17.780701754385966 5.094059405940594 57 101
1 13.648148148148149 5.328282828282828 54 99
1 21.833333333333332 4.241935483870968 36 93
1 12.106060606060606 4.730769230769231 33 65
1 33.922222222222224 4.909638554216867 45 83
1 29.194444444444443 4.170886075949367 36 79
1 13.583333333333334 5.115384615384615 24 65
1 18.825 4.65 40 80
1 17.583333333333332 4.382352941176471 36 85
1 4.9523809523809526 8.402777777777779 84 72
1 30.676470588235293 5.111111111111111 17 36
1 71.4047619047619 34.54347826086956 21 23
1 3.15 4.9941176470588236 40 85
1 3.292682926829268 4.637096774193548 82 124
1 1.9576271186440677 4.959183673469388 59 98
1 20.034246575342465 5.790909090909091 73 110
1 23.471830985915492 5.349462365591398 71 93
