1 37.80952380952381 6.204545454545454 42 88
1 8.022727272727273 6.242424242424242 44 66
1 12.23913043478261 6.234939759036145 46 83
1 27.988372093023255 7.486666666666666 43 75
1 63.96153846153846 5.922535211267606 26 71
1 54.166666666666664 6.961538461538462 18 52
1 77.88095238095238 7.455555555555556 21 45
1 47.932432432432435 6.623076923076923 37 65
1 66.83333333333333 6.580645161290323 24 62
1 32.44117647058823 6.282608695652174 34 69
1 57.39473684210526 7.95945945945946 19 37
1 29.3 36.7 10 10
1 45.357142857142854 7.416666666666667 21 48
1 12.576923076923077 5.534965034965035 65 143
1 7.686046511627907 5.638297872340425 43 94
1 5.586956521739131 6.686440677966102 46 59
