1 18.8125 5.3106060606060606 64 132
1 15.333333333333334 5.03125 48 128
1 25.12857142857143 4.672413793103448 35 87
1 5.9186046511627906 5.206666666666667 43 75
1 16.833333333333332 4.972727272727273 42 110
1 0.6607142857142857 4.892857142857143 56 140
1 22.03488372093023 5.288235294117647 43 85
1 2.8055555555555554 5.380952380952381 36 84
1 0.9888888888888889 5.148351648351649 45 91
1 101.25 55.3 16 15
1 28.74561403508772 8.44186046511628 57 86
1 32.451219512195124 4.91 41 100
1 49.293103448275865 4.776923076923077 29 65
1 26.40909090909091 4.872093023255814 66 129
