1 13.71875 5.127906976744186 96 129
1 11.557971014492754 4.97457627118644 69 118
1 26.928571428571427 4.602564102564102 42 78
1 22.61764705882353 4.2534246575342465 34 73
1 17.29591836734694 4.771028037383178 49 107
1 8.480392156862745 4.885964912280702 51 114
1 12.088235294117647 4.306451612903226 34 93
1 29.166666666666668 4.616279069767442 42 86
1 15.975 4.348101265822785 40 79
1 10.952380952380953 4.572289156626506 42 83
1 5.1875 4.324175824175824 48 91
1 5.214285714285714 4.4523809523809526 21 42
1 92.05555555555556 46.970588235294116 18 17
1 27.24137931034483 6.088785046728972 58 107
1 22.884615384615383 4.916666666666667 65 96
