1 41.26470588235294 5.542553191489362 34 94
1 12.86734693877551 5.863636363636363 49 77
1 13.515151515151516 6.294392523364486 66 107
1 39.56818181818182 5.320224719101123 44 89
1 37.583333333333336 6.0 36 90
1 29.96511627906977 5.809859154929577 43 71
1 23.557142857142857 6.45 35 60
1 43.71875 7.117021276595745 32 47
1 51.62903225806452 5.486666666666666 31 75
1 40.06666666666667 5.444444444444445 30 72
1 20.46969696969697 5.425925925925926 33 81
1 28.23913043478261 7.285714285714286 23 42
1 57.3 62.0 10 8
1 12.5 6.418032786885246 40 61
1 9.045454545454545 6.9296875 77 128
