1 18.525974025974026 5.8931623931623935 77 117
1 11.86923076923077 5.303418803418803 65 117
1 21.782608695652176 4.94 46 75
1 19.607142857142858 4.2894736842105265 28 76
1 11.73076923076923 4.805555555555555 65 108
1 5.291666666666667 5.076271186440678 48 118
1 4.045454545454546 4.532258064516129 55 93
1 28.57894736842105 4.544943820224719 38 89
1 11.391891891891891 4.367469879518072 37 83
1 7.575 4.5 40 88
1 0.6730769230769231 4.457446808510638 52 94
1 90.61111111111111 44.205882352941174 18 17
1 32.5 6.045454545454546 49 110
1 26.42452830188679 4.963157894736842 53 95
1 49.22222222222222 4.082089552238806 36 67
1 34.39090909090909 4.868794326241135 55 141
