1 19.160377358490567 5.482456140350878 53 114
1 27.122222222222224 6.329268292682927 45 82
1 9.372340425531915 5.678217821782178 47 101
1 48.1764705882353 5.1375 34 80
1 43.84375 5.5 32 64
1 24.622448979591837 5.682795698924731 49 93
1 15.886363636363637 4.95 44 120
1 14.954545454545455 5.548192771084337 66 83
1 20.369565217391305 5.34375 23 64
1 64.0 5.212643678160919 26 87
1 34.44285714285714 5.026315789473684 35 76
1 17.5 7.458333333333333 32 48
1 22.142857142857142 5.2875 42 80
1 17.193877551020407 5.175 49 80
1 10.852941176470589 5.819148936170213 51 94
1 36.55555555555556 6.9 18 35
1 41.5 19.633333333333333 18 15
1 8.576923076923077 5.675675675675675 39 74
1 10.333333333333334 6.02 48 100
1 4.766666666666667 5.979166666666667 75 96
1 23.581967213114755 5.533057851239669 61 121
1 28.916666666666668 5.321782178217822 60 101
