1 31.58888888888889 5.4609375 45 128
1 29.0531914893617 5.397196261682243 47 107
1 10.947368421052632 5.541237113402062 38 97
1 95.3 5.561538461538461 20 65
1 31.104166666666668 5.651515151515151 48 99
1 11.589285714285714 5.182170542635659 56 129
1 47.91379310344828 5.2215189873417724 29 79
1 31.934782608695652 5.954545454545454 23 55
1 60.56896551724138 5.294117647058823 29 68
1 46.129629629629626 6.760869565217392 27 46
1 45.5625 5.621621621621622 32 74
1 49.73076923076923 5.361111111111111 26 72
1 24.558823529411764 5.5125 34 80
1 59.875 6.797297297297297 16 37
1 29.261904761904763 25.76086956521739 21 23
1 25.615384615384617 5.793103448275862 26 58
1 12.349056603773585 5.007352941176471 53 136
1 5.782608695652174 5.037735849056604 46 106
1 1.7413793103448276 5.484126984126984 29 63
1 21.984848484848484 5.714285714285714 66 126
