1 14.113333333333333 6.471153846153846 75 104
1 16.640350877192983 5.773684210526316 57 95
1 2.357142857142857 4.292079207920792 42 101
1 9.084905660377359 4.907407407407407 53 108
1 37.76829268292683 4.362068965517241 41 87
1 39.96875 4.585714285714285 32 70
1 17.33606557377049 5.009615384615385 61 104
1 19.451219512195124 5.042857142857143 41 105
1 23.07894736842105 4.456521739130435 38 92
1 19.5 4.8538461538461535 25 65
1 39.3780487804878 4.761363636363637 41 88
1 31.88888888888889 4.512987012987013 36 77
1 12.294117647058824 5.207692307692308 34 65
1 25.40909090909091 4.511904761904762 33 84
1 16.227272727272727 4.670731707317073 44 82
1 5.413978494623656 12.8 93 50
1 40.5 5.283783783783784 15 37
1 68.8 35.05555555555556 20 18
1 3.8333333333333335 5.083333333333333 51 84
1 4.3604651162790695 5.133928571428571 86 112
1 4.928571428571429 4.747524752475248 42 101
1 19.746575342465754 6.450980392156863 73 102
1 26.392307692307693 4.795238095238095 65 105
