1 24.026315789473685 5.161157024793388 57 121
1 14.640625 5.424731182795699 64 93
1 0.5 4.049618320610687 25 131
1 11.944444444444445 4.605263157894737 45 133
1 38.872093023255815 4.127659574468085 43 94
1 47.54347826086956 4.371794871794871 23 78
1 44.693548387096776 4.71505376344086 31 93
1 13.91025641025641 11.82 78 50
1 16.42156862745098 4.661616161616162 51 99
1 13.6 4.565789473684211 30 76
1 52.957142857142856 4.63 35 100
1 30.785714285714285 4.377551020408164 35 98
1 21.192307692307693 5.913333333333333 39 75
1 10.958333333333334 5.1103896103896105 24 77
1 13.236842105263158 4.758928571428571 57 112
1 13.023809523809524 4.941860465116279 21 43
1 74.31818181818181 49.416666666666664 11 12
1 11.456521739130435 4.98936170212766 69 94
1 6.883333333333334 4.962121212121212 60 132
1 0.5 4.402654867256637 32 113
1 29.655172413793103 5.011627906976744 58 129
1 31.93103448275862 5.020833333333333 58 96
