1 32.666666666666664 5.628 48 125
1 26.462962962962962 5.577669902912621 54 103
1 1.0357142857142858 5.795774647887324 28 71
1 10.975 6.125 40 88
1 37.56976744186046 5.822916666666667 43 96
1 13.883333333333333 5.954545454545454 60 110
1 50.8448275862069 5.922535211267606 29 71
1 37.642857142857146 6.4245283018867925 21 53
1 58.53125 5.696969696969697 32 66
1 54.42 7.021739130434782 25 46
1 49.693548387096776 5.5 31 76
1 49.642857142857146 5.486111111111111 28 72
1 29.177419354838708 5.425925925925926 31 81
1 63.3125 7.148648648648648 16 37
1 35.142857142857146 25.5 14 15
1 30.833333333333332 6.089285714285714 24 56
1 9.971428571428572 5.895348837209302 70 129
1 7.628205128205129 5.510204081632653 39 98
1 3.8076923076923075 5.790322580645161 26 62
1 21.357142857142858 5.6640625 77 128
