1 12.195652173913043 5.393939393939394 69 132
1 16.407692307692308 5.868932038834951 65 103
1 0.7127659574468085 5.509615384615385 47 104
1 29.43877551020408 5.291666666666667 49 72
1 39.145161290322584 5.780701754385965 31 57
1 18.22 5.401960784313726 50 102
1 1.9583333333333333 5.854838709677419 72 124
1 20.085365853658537 4.8882352941176475 41 85
1 7.653846153846154 5.692982456140351 26 57
1 37.375 5.694444444444445 40 72
1 32.794117647058826 5.1461538461538465 34 65
1 19.346153846153847 6.542553191489362 26 47
1 30.24074074074074 5.785714285714286 27 70
1 18.357142857142858 5.1891891891891895 35 74
1 6.48 5.2032967032967035 50 91
1 33.666666666666664 7.629032258064516 12 31
1 110.16666666666667 53.40909090909091 12 11
1 2.5555555555555554 5.350746268656716 36 67
1 2.2 6.376190476190477 70 105
1 14.818181818181818 6.043859649122807 66 114
1 32.891304347826086 6.1 46 80
