1 12.081395348837209 5.732 86 125
1 13.630952380952381 5.938095238095238 84 105
1 5.273584905660377 5.221153846153846 53 104
1 34.61764705882353 5.22 51 75
1 41.13157894736842 5.370967741935484 38 62
1 14.972972972972974 6.567415730337078 74 89
1 4.069620253164557 5.53125 79 128
1 24.0 5.1625 46 80
1 23.02173913043478 5.517857142857143 23 56
1 40.477777777777774 5.593333333333334 45 75
1 34.285714285714285 5.788135593220339 42 59
1 29.533333333333335 6.544444444444444 30 45
1 32.166666666666664 5.171052631578948 36 76
1 23.451219512195124 5.26056338028169 41 71
1 13.068181818181818 5.380952380952381 44 84
1 56.03846153846154 7.982758620689655 13 29
1 70.55555555555556 44.833333333333336 18 15
1 12.65625 5.720338983050848 32 59
1 8.732142857142858 5.827272727272727 56 110
1 0.9193548387096774 5.237864077669903 62 103
1 14.15 6.392857142857143 80 112
1 47.88461538461539 7.22463768115942 39 69
