1 14.36111111111111 4.635135135135135 72 148
1 9.89240506329114 6.130434782608695 79 92
1 31.055555555555557 4.342696629213483 36 89
1 14.5 4.182926829268292 32 82
1 24.385714285714286 4.73 35 100
1 7.333333333333333 5.655172413793103 60 116
1 4.342105263157895 8.783018867924529 38 53
1 31.225 4.479591836734694 40 98
1 7.254716981132075 4.448979591836735 53 98
1 3.6739130434782608 4.461165048543689 46 103
1 3.5425531914893615 5.065891472868217 94 129
1 27.282608695652176 41.388888888888886 23 18
1 25.581967213114755 5.28125 61 128
1 34.79545454545455 4.618811881188119 44 101
1 48.13636363636363 3.8714285714285714 33 70
