1 10.20754716981132 5.208029197080292 106 137
1 13.160714285714286 4.9471544715447155 56 123
1 25.9 4.732558139534884 35 86
1 9.351851851851851 4.829113924050633 27 79
1 17.575 4.747787610619469 40 113
1 0.7345679012345679 4.938848920863309 81 139
1 26.81578947368421 4.742105263157895 38 95
1 2.06140350877193 4.706185567010309 57 97
1 0.5 4.803030303030303 23 99
1 103.03333333333333 53.0 15 14
1 25.959016393442624 5.524390243902439 61 123
1 34.175 4.566037735849057 40 106
1 50.964285714285715 4.514925373134329 28 67
1 29.39830508474576 4.903100775193798 59 129
