1 9.842342342342342 4.938271604938271 111 162
1 22.068181818181817 4.012 44 125
1 12.126666666666667 4.265217391304348 75 115
1 16.95945945945946 4.325174825174825 74 143
1 57.7 3.376543209876543 30 81
1 27.736363636363638 3.8592233009708736 55 103
1 18.5 7.867647058823529 77 68
1 31.529411764705884 3.872093023255814 34 86
1 18.872549019607842 4.484848484848484 51 66
1 20.56 4.06 50 100
1 21.846938775510203 4.3125 49 64
1 33.672413793103445 4.2368421052631575 29 57
1 27.323529411764707 3.8375 34 80
1 21.09375 3.4680851063829787 32 94
1 9.392857142857142 3.591743119266055 28 109
1 7.796296296296297 3.566666666666667 27 60
1 26.108695652173914 47.77272727272727 23 11
