1 23.016129032258064 5.1461538461538465 62 130
1 14.72 5.0396825396825395 50 126
1 26.27777777777778 4.6234567901234565 36 81
1 9.5 4.435064935064935 44 77
1 11.642857142857142 4.842592592592593 63 108
1 2.35 5.088709677419355 60 124
1 3.0142857142857142 4.520833333333333 35 96
1 26.57894736842105 4.741379310344827 38 87
1 6.021739130434782 4.670731707317073 46 82
1 5.852941176470588 4.787356321839081 34 87
1 95.91176470588235 45.911764705882355 17 17
1 23.264705882352942 6.077981651376147 68 109
1 27.744897959183675 4.931578947368421 49 95
1 54.13333333333333 4.3 30 65
1 25.054054054054053 4.93609022556391 74 133
