1 13.0 5.658333333333333 68 120
1 18.967741935483872 7.170886075949367 62 79
1 31.695652173913043 5.908450704225352 46 71
1 41.392857142857146 5.647540983606557 28 61
1 23.925 6.1477272727272725 40 88
1 3.5602409638554215 5.31203007518797 83 133
1 17.26086956521739 5.5602409638554215 46 83
1 3.0714285714285716 5.725806451612903 28 62
1 37.60526315789474 5.357142857142857 38 84
1 30.318181818181817 5.457142857142857 33 70
1 11.307692307692308 6.125 26 56
1 22.85483870967742 5.3375 31 80
1 16.243589743589745 5.62 39 75
1 5.7153846153846155 5.631868131868132 65 91
1 18.38235294117647 7.0 17 36
1 64.44444444444444 20.970588235294116 18 17
1 0.9782608695652174 5.625 46 72
1 1.4673913043478262 6.427272727272728 92 110
1 19.283333333333335 5.538461538461538 60 130
1 33.38636363636363 5.394736842105263 44 95
