1 36.54347826086956 6.215909090909091 46 88
1 16.807692307692307 6.302816901408451 39 71
1 11.228813559322035 6.197916666666667 59 96
1 26.35185185185185 6.7875 54 80
1 39.083333333333336 6.279411764705882 36 68
1 30.533333333333335 6.565573770491803 30 61
1 59.65384615384615 7.543478260869565 26 46
1 36.38461538461539 6.3428571428571425 52 70
1 52.32142857142857 5.914285714285715 28 70
1 34.125 6.166666666666667 32 72
1 34.5 8.294871794871796 26 39
1 25.7 64.25 10 8
1 29.982758620689655 6.401639344262295 29 61
1 15.726415094339623 5.739726027397261 53 146
1 4.631578947368421 5.695652173913044 38 92
1 0.5 5.894366197183099 26 71
