1 23.13157894736842 5.136363636363637 57 121
1 14.134920634920634 8.365671641791044 63 67
1 6.992063492063492 5.003937007874016 63 127
1 34.67777777777778 4.355555555555555 45 90
1 23.904761904761905 4.773972602739726 42 73
1 31.0 4.862637362637362 42 91
1 9.744897959183673 13.659090909090908 98 44
1 13.566666666666666 5.2727272727272725 60 88
1 10.892857142857142 4.766666666666667 28 75
1 40.05813953488372 4.641414141414141 43 99
1 19.9375 4.117647058823529 48 102
1 21.014285714285716 4.59375 35 96
1 6.351851851851852 5.355263157894737 27 76
1 12.0 5.13302752293578 68 109
1 10.277777777777779 5.174418604651163 18 43
1 58.34615384615385 42.92857142857143 13 14
1 11.0 4.9 56 95
1 5.634328358208955 5.068181818181818 67 132
1 30.536363636363635 5.096899224806202 55 129
1 33.129629629629626 4.548076923076923 54 104
