1 37.575 5.5638297872340425 40 94
1 9.783333333333333 6.768656716417911 60 67
1 9.22 6.819148936170213 75 94
1 38.67391304347826 6.217948717948718 46 78
1 25.349056603773583 6.829113924050633 53 79
1 33.9054054054054 6.333333333333333 37 66
1 23.257575757575758 6.23015873015873 33 63
1 48.189655172413794 6.979166666666667 29 48
1 42.6 6.035211267605634 40 71
1 43.810344827586206 5.597222222222222 29 72
1 28.233333333333334 5.75 30 76
1 37.078947368421055 7.5 19 42
1 30.166666666666668 62.375 12 8
1 17.68918918918919 6.805084745762712 37 59
1 7.4393939393939394 6.192857142857143 99 140
