1 24.796296296296298 5.540650406504065 54 123
1 12.954545454545455 4.9772727272727275 55 132
1 23.5 4.477011494252873 38 87
1 8.012820512820513 4.759740259740259 39 77
1 16.833333333333332 4.806306306306307 42 111
1 1.107843137254902 4.782608695652174 51 138
1 0.5909090909090909 4.59 33 100
1 23.01219512195122 5.130952380952381 41 84
1 4.2631578947368425 4.752873563218391 38 87
1 2.9054054054054053 4.97191011235955 37 89
1 95.91176470588235 47.85294117647059 17 17
1 23.76865671641791 6.009090909090909 67 110
1 23.18421052631579 5.078947368421052 57 95
1 55.648148148148145 4.484848484848484 27 66
1 31.640350877192983 5.225806451612903 57 124
