1 34.388888888888886 6.323529411764706 45 85
1 10.962962962962964 6.302816901408451 54 71
1 10.151515151515152 6.489690721649485 66 97
1 44.18292682926829 6.243589743589744 41 78
1 25.632075471698112 6.725 53 80
1 26.071428571428573 6.117647058823529 49 68
1 23.924242424242426 5.909090909090909 33 66
1 50.92857142857143 6.979166666666667 28 48
1 43.65 6.282608695652174 40 69
1 56.80434782608695 5.5 23 73
1 25.13888888888889 5.7368421052631575 36 76
1 33.86363636363637 7.925 22 40
1 25.5 62.625 12 8
1 18.85135135135135 6.754237288135593 37 59
1 8.366666666666667 6.056338028169014 90 142
