1 8.340336134453782 4.931506849315069 119 146
1 16.24418604651163 4.756198347107438 43 121
1 24.141025641025642 4.444444444444445 39 90
1 7.0 4.524390243902439 40 82
1 19.11111111111111 5.314432989690721 36 97
1 1.6830985915492958 4.85251798561151 71 139
1 25.785714285714285 4.55050505050505 42 99
1 2.753968253968254 4.681818181818182 63 99
1 43.607142857142854 50.357142857142854 28 14
1 17.77906976744186 6.086206896551724 86 116
1 34.875 4.538095238095238 40 105
1 46.5 4.085714285714285 31 70
1 36.5 4.695488721804511 49 133
