1 18.883333333333333 4.910852713178294 60 129
1 12.742424242424242 5.298076923076923 66 104
1 1.3867924528301887 7.277777777777778 53 99
1 32.207317073170735 4.594117647058823 41 85
1 23.833333333333332 4.635135135135135 30 74
1 31.984848484848484 4.779569892473118 33 93
1 11.638461538461538 6.184210526315789 65 95
1 8.879310344827585 4.725806451612903 58 93
1 39.25675675675676 4.666666666666667 37 96
1 13.904255319148936 4.965909090909091 47 88
1 11.060975609756097 4.63265306122449 41 98
1 9.7125 5.0423728813559325 80 118
1 6.909090909090909 5.247252747252747 44 91
1 0.8857142857142857 5.355072463768116 70 138
1 25.860655737704917 5.003759398496241 61 133
1 28.275862068965516 4.994736842105263 58 95
1 54.378787878787875 4.205882352941177 33 68
