1 19.84426229508197 5.295454545454546 61 132
1 15.333333333333334 5.003875968992248 48 129
1 23.157894736842106 4.732558139534884 38 86
1 6.2317073170731705 5.206666666666667 41 75
1 17.7 4.914414414414415 40 111
1 0.6290322580645161 4.892857142857143 62 140
1 20.988888888888887 5.345238095238095 45 84
1 2.9285714285714284 5.288235294117647 35 85
1 1.0106382978723405 5.137362637362638 47 91
1 101.3125 55.233333333333334 16 15
1 27.771186440677965 8.095505617977528 59 89
1 29.544444444444444 4.974747474747475 45 99
1 53.01851851851852 4.776923076923077 27 65
1 26.03731343283582 4.97244094488189 67 127
