1 37.94897959183673 5.908333333333333 49 120
1 34.45454545454545 6.761904761904762 44 84
1 5.642857142857143 6.2164179104477615 35 67
1 12.55 7.431506849315069 40 73
1 44.28048780487805 5.42 41 100
1 25.068181818181817 6.879310344827586 44 87
1 55.8448275862069 5.97887323943662 29 71
1 47.76315789473684 6.884615384615385 19 52
1 78.0 7.704545454545454 20 44
1 54.82258064516129 6.049295774647887 31 71
1 59.53846153846154 5.970588235294118 26 68
1 35.293103448275865 6.02054794520548 29 73
1 60.333333333333336 7.77027027027027 18 37
1 29.916666666666668 25.5 12 10
1 40.0 6.632075471698113 22 53
1 12.46774193548387 6.236434108527132 62 129
1 9.954545454545455 5.833333333333333 33 93
1 7.2407407407407405 6.657894736842105 27 57
