1 22.56451612903226 5.475806451612903 62 124
1 10.133802816901408 4.904580152671755 71 131
1 19.229166666666668 4.783950617283951 48 81
1 13.107142857142858 4.657894736842105 28 76
1 11.3125 4.705357142857143 64 112
1 1.75 4.860902255639098 60 133
1 0.9558823529411765 4.677083333333333 68 96
1 30.625 5.0476190476190474 32 84
1 6.470588235294118 4.726190476190476 34 84
1 2.780701754385965 4.7555555555555555 57 90
1 95.97058823529412 46.85294117647059 17 17
1 20.243589743589745 5.883928571428571 78 112
1 28.56382978723404 5.17741935483871 47 93
1 43.47222222222222 4.438461538461539 36 65
1 29.580645161290324 5.1015625 62 128
