1 49.0 5.405263157894737 28 95
1 17.651515151515152 5.181818181818182 33 88
1 12.32716049382716 5.597560975609756 81 123
1 38.78888888888889 4.673469387755102 45 98
1 37.067567567567565 5.173267326732673 37 101
1 39.55882352941177 5.406666666666666 34 75
1 22.628205128205128 6.2 39 60
1 64.13636363636364 5.764150943396227 22 53
1 51.53333333333333 4.572289156626506 30 83
1 35.13636363636363 4.798701298701299 33 77
1 14.6 9.91304347826087 40 46
1 24.18 6.2555555555555555 25 45
1 54.9 52.9 10 10
1 10.31578947368421 5.257142857142857 38 70
1 8.433333333333334 8.679245283018869 75 106
