1 24.74137931034483 5.357142857142857 58 126
1 15.051020408163266 5.02 49 125
1 27.357142857142858 4.537037037037037 35 81
1 16.0 4.473333333333334 28 75
1 14.480392156862745 4.76605504587156 51 109
1 3.479591836734694 5.158333333333333 49 120
1 2.26271186440678 4.46875 59 96
1 21.840425531914892 4.556179775280899 47 89
1 6.712765957446808 4.5 47 83
1 5.8076923076923075 4.5 39 90
1 95.32352941176471 47.205882352941174 17 17
1 21.246666666666666 6.12037037037037 75 108
1 23.53448275862069 4.889473684210526 58 95
1 44.7972972972973 4.2384615384615385 37 65
1 26.963768115942027 5.087786259541985 69 131
