1 13.012820512820513 6.8061224489795915 78 98
1 17.635593220338983 5.59375 59 96
1 3.480769230769231 4.552083333333333 52 96
1 14.166666666666666 5.72680412371134 42 97
1 34.98936170212766 4.821428571428571 47 84
1 48.56896551724138 4.871428571428571 29 70
1 21.78846153846154 5.254901960784314 52 102
1 20.08139534883721 5.5 43 99
1 21.944444444444443 4.706521739130435 45 92
1 23.86 5.069230769230769 25 65
1 31.19090909090909 4.9772727272727275 55 88
1 39.65625 4.67948717948718 32 78
1 19.714285714285715 5.596774193548387 28 62
1 29.75 4.738095238095238 32 84
1 19.963414634146343 4.789156626506024 41 83
1 10.972727272727273 9.453125 55 64
1 55.73076923076923 5.824324324324325 13 37
1 53.45238095238095 26.5 21 17
1 6.909090909090909 4.708791208791209 44 91
1 9.136363636363637 6.170212765957447 55 94
1 7.988888888888889 5.145833333333333 45 96
1 19.06 7.533707865168539 75 89
1 27.20769230769231 5.388888888888889 65 99
