1 8.972727272727273 4.8175675675675675 110 148
1 18.93243243243243 4.698347107438017 37 121
1 24.525641025641026 4.4222222222222225 39 90
1 9.766666666666667 4.5246913580246915 30 81
1 18.394736842105264 5.333333333333333 38 96
1 1.6904761904761905 5.052238805970149 84 134
1 26.047619047619047 4.53030303030303 42 99
1 3.096774193548387 4.651515151515151 62 99
1 38.53448275862069 44.0625 29 16
1 18.634146341463413 5.756198347107438 82 121
1 34.28048780487805 4.616504854368932 41 103
1 48.2 4.1231884057971016 30 69
1 34.71153846153846 4.759541984732825 52 131
