1 14.978260869565217 4.7011494252873565 115 174
1 24.45744680851064 3.877952755905512 47 127
1 11.361538461538462 3.764957264957265 65 117
1 13.346153846153847 4.258389261744966 91 149
1 44.361111111111114 3.6944444444444446 36 108
1 21.514492753623188 4.5754716981132075 69 106
1 34.13157894736842 3.4157894736842107 38 95
1 19.5 3.6666666666666665 48 78
1 20.529850746268657 3.7685185185185186 67 108
1 31.28723404255319 3.2777777777777777 47 81
1 39.596774193548384 3.6587301587301586 31 63
1 30.710526315789473 3.75 38 84
1 25.41176470588235 3.3421052631578947 34 95
1 7.913043478260869 3.9455445544554455 46 101
1 10.725806451612904 3.45 31 60
1 27.26923076923077 43.083333333333336 13 12
1 0.9047619047619048 3.3247422680412373 42 97
