1 10.567226890756302 4.867469879518072 119 166
1 22.130434782608695 4.090163934426229 46 122
1 10.585365853658537 3.8884297520661155 82 121
1 19.045454545454547 4.076158940397351 66 151
1 41.66279069767442 3.302469135802469 43 81
1 54.857142857142854 3.463963963963964 28 111
1 21.25 5.941860465116279 68 86
1 20.574074074074073 3.883720930232558 54 86
1 22.174418604651162 4.235294117647059 43 68
1 17.661290322580644 4.231958762886598 62 97
1 18.919354838709676 3.7714285714285714 62 70
1 30.61764705882353 4.068965517241379 34 58
1 35.32142857142857 3.5833333333333335 28 84
1 17.426829268292682 3.5434782608695654 41 92
1 5.68 3.8529411764705883 50 102
1 8.722222222222221 3.4833333333333334 27 60
1 19.35 47.59090909090909 20 11
