1 9.653153153153154 5.188405797101449 111 138
1 12.672413793103448 4.967213114754099 58 122
1 25.985714285714284 4.744186046511628 35 86
1 7.470588235294118 4.841772151898734 34 79
1 18.394736842105264 4.721238938053097 38 113
1 0.9264705882352942 4.833333333333333 68 141
1 29.32857142857143 4.808510638297872 35 94
1 2.043859649122807 4.663265306122449 57 98
1 0.5 4.813131313131313 17 99
1 103.16666666666667 52.357142857142854 15 14
1 27.155172413793103 5.153846153846154 58 130
1 34.225 4.566037735849057 40 106
1 46.08064516129032 4.5 31 67
1 28.4672131147541 4.861538461538461 61 130
