1 33.96 5.953781512605042 50 119
1 33.40909090909091 6.117021276595745 44 94
1 2.96875 5.852112676056338 32 71
1 11.6 6.290697674418604 40 86
1 46.310810810810814 5.590909090909091 37 99
1 12.41139240506329 6.096153846153846 79 104
1 55.25 6.02112676056338 28 71
1 38.36363636363637 6.5 22 54
1 56.15384615384615 7.239130434782608 26 46
1 48.92424242424242 5.713333333333333 33 75
1 54.351851851851855 5.86231884057971 27 69
1 31.016129032258064 6.442857142857143 31 70
1 58.77777777777778 7.315789473684211 18 38
1 32.57692307692308 27.9 13 10
1 36.59090909090909 6.3545454545454545 22 55
1 11.658730158730158 5.970149253731344 63 134
1 7.841463414634147 5.530612244897959 41 98
1 5.178571428571429 6.0 28 62
1 28.3125 5.943548387096774 64 124
