1 43.5 5.468421052631579 33 95
1 9.363636363636363 6.239726027397261 66 73
1 10.435064935064934 6.895833333333333 77 96
1 39.59090909090909 5.431818181818182 44 88
1 31.928571428571427 5.308080808080808 42 99
1 50.26 5.736111111111111 25 72
1 18.74390243902439 7.263636363636364 41 55
1 53.11538461538461 6.76 26 50
1 56.43103448275862 5.6066666666666665 29 75
1 29.695121951219512 5.771428571428571 41 70
1 17.98780487804878 5.926666666666667 41 75
1 30.045454545454547 7.695121951219512 22 41
1 57.6 60.25 10 8
1 11.66326530612245 7.114035087719298 49 57
1 8.9375 6.4338235294117645 80 136
