1 13.757575757575758 5.921052631578948 66 114
1 18.546875 7.069620253164557 64 79
1 0.8157894736842105 6.071428571428571 38 98
1 31.041666666666668 6.085714285714285 48 70
1 39.56666666666667 5.783333333333333 30 60
1 24.20731707317073 6.347058823529411 41 85
1 4.267441860465116 5.318181818181818 86 132
1 16.42 5.41764705882353 50 85
1 3.5 5.709677419354839 35 62
1 38.28947368421053 5.155172413793103 38 87
1 26.973684210526315 5.429577464788732 38 71
1 12.115384615384615 5.931034482758621 26 58
1 21.5 5.436708860759493 34 79
1 13.958333333333334 5.86986301369863 48 73
1 6.335820895522388 5.920454545454546 67 88
1 18.394736842105264 6.972222222222222 19 36
1 63.5 17.029411764705884 17 17
1 1.7156862745098038 5.78169014084507 51 71
1 2.263440860215054 6.622641509433962 93 106
1 18.318181818181817 5.416666666666667 66 132
1 30.28 5.457894736842105 50 95
