1 29.65 5.652 60 125
1 33.1 6.432584269662922 45 89
1 3.9166666666666665 5.6506849315068495 36 73
1 10.61111111111111 6.905063291139241 45 79
1 45.166666666666664 5.362745098039215 39 102
1 18.571428571428573 6.345360824742268 56 97
1 63.34 6.114285714285714 25 70
1 43.65 6.7075471698113205 20 53
1 62.875 7.477777777777778 24 45
1 57.12068965517241 6.1571428571428575 29 70
1 57.92307692307692 5.697183098591549 26 71
1 35.42857142857143 6.274647887323944 28 71
1 71.63333333333334 7.447368421052632 15 38
1 30.26923076923077 25.5 13 10
1 35.041666666666664 6.518518518518518 24 54
1 11.669230769230769 5.633802816901408 65 142
1 8.710526315789474 5.797872340425532 38 94
1 6.78 6.172131147540983 25 61
