1 21.06140350877193 4.877952755905512 57 127
1 13.053846153846154 5.617021276595745 65 94
1 3.9754098360655736 5.112403100775194 61 129
1 37.078947368421055 4.58235294117647 38 85
1 21.94736842105263 4.664383561643835 38 73
1 32.138888888888886 4.75 36 92
1 9.857142857142858 12.819148936170214 84 47
1 12.196428571428571 5.677215189873418 56 79
1 2.3205128205128207 4.5886075949367084 39 79
1 39.80769230769231 4.6875 39 96
1 15.989795918367347 5.135294117647059 49 85
1 15.026315789473685 4.7 38 95
1 10.436708860759493 5.334862385321101 79 109
1 59.88461538461539 44.92857142857143 13 14
1 10.868421052631579 5.148351648351649 38 91
1 3.1176470588235294 4.95 68 140
1 25.70967741935484 4.87037037037037 62 135
1 36.67391304347826 4.916666666666667 46 96
1 44.127906976744185 4.264705882352941 43 68
