1 49.142857142857146 5.283505154639175 28 97
1 17.863636363636363 5.224137931034483 33 87
1 12.141975308641975 5.6735537190082646 81 121
1 38.81111111111111 4.802083333333333 45 96
1 35.08974358974359 5.26 39 100
1 34.294871794871796 5.406666666666666 39 75
1 21.9 6.266666666666667 40 60
1 50.357142857142854 6.127450980392157 28 51
1 53.60344827586207 4.608433734939759 29 83
1 34.26470588235294 4.907894736842105 34 76
1 16.555555555555557 7.483333333333333 36 60
1 24.46 6.4772727272727275 25 44
1 55.2 52.3 10 10
1 10.710526315789474 5.355072463768116 38 69
1 8.5 8.309090909090909 76 110
