1 36.833333333333336 6.348837209302325 45 86
1 16.474358974358974 6.208333333333333 39 72
1 8.986486486486486 6.342105263157895 74 95
1 55.94117647058823 5.993975903614458 34 83
1 25.214285714285715 6.573170731707317 56 82
1 39.41428571428571 6.25 35 68
1 31.821428571428573 6.549180327868853 28 61
1 61.02 7.5 25 46
1 44.285714285714285 6.398550724637682 42 69
1 49.39655172413793 5.795774647887324 29 71
1 34.145161290322584 6.034246575342466 31 73
1 32.2037037037037 8.05 27 40
1 26.0 63.875 10 8
1 26.1875 6.418032786885246 32 61
1 14.394736842105264 5.668918918918919 57 148
1 3.058139534883721 5.553191489361702 43 94
