1 9.375 4.790909090909091 112 165
1 22.267441860465116 4.028 43 125
1 14.296875 4.384955752212389 64 113
1 22.79090909090909 4.196551724137931 55 145
1 63.611111111111114 3.4135802469135803 27 81
1 40.078947368421055 3.757142857142857 38 105
1 20.228571428571428 7.5 70 71
1 39.574074074074076 3.7386363636363638 27 88
1 18.51923076923077 4.76984126984127 52 63
1 20.02 4.262886597938144 50 97
1 23.727272727272727 4.436507936507937 44 63
1 30.951612903225808 4.726415094339623 31 53
1 29.467741935483872 3.7195121951219514 31 82
1 20.227272727272727 3.5106382978723403 33 94
1 9.285714285714286 3.610091743119266 28 109
1 7.574074074074074 3.6864406779661016 27 59
1 29.5 47.95454545454545 23 11
