1 13.928571428571429 4.773255813953488 133 172
1 24.645833333333332 4.008064516129032 48 124
1 14.23469387755102 3.898230088495575 49 113
1 12.227272727272727 4.599290780141844 99 141
1 39.74390243902439 3.9095238095238094 41 105
1 24.616666666666667 4.157894736842105 60 114
1 22.906779661016948 3.708791208791209 59 91
1 27.441176470588236 3.6923076923076925 34 78
1 20.711267605633804 3.9285714285714284 71 105
1 24.738095238095237 3.302469135802469 63 81
1 40.09375 3.4393939393939394 32 66
1 27.211111111111112 3.358695652173913 45 92
1 26.705882352941178 3.331578947368421 34 95
1 8.145833333333334 3.9752475247524752 48 101
1 13.5 3.5 27 60
1 28.73076923076923 44.75 13 12
1 1.7857142857142858 3.4574468085106385 42 94
