1 39.80232558139535 6.071428571428571 43 91
1 12.179245283018869 6.236111111111111 53 72
1 12.186274509803921 6.755813953488372 51 86
1 36.06410256410256 6.646341463414634 39 82
1 60.3 6.0 25 72
1 42.54347826086956 6.683333333333334 23 60
1 73.5 7.877777777777778 22 45
1 90.88095238095238 6.222222222222222 21 72
1 48.5625 5.908450704225352 32 71
1 31.824324324324323 6.601449275362318 37 69
1 53.833333333333336 8.657894736842104 18 38
1 23.3 63.75 10 8
1 38.34 6.689655172413793 25 58
1 12.355072463768115 5.722222222222222 69 144
1 6.732558139534884 5.933333333333334 43 90
1 4.7 6.6875 35 64
