1 42.73684210526316 6.511764705882353 38 85
1 11.342105263157896 6.65625 38 64
1 13.380952380952381 6.512195121951219 42 82
1 27.677777777777777 8.235294117647058 45 68
1 54.7 5.842465753424658 30 73
1 36.870370370370374 6.696428571428571 27 56
1 74.72727272727273 8.8 22 40
1 47.31578947368421 6.921875 38 64
1 53.56666666666667 6.860655737704918 30 61
1 47.291666666666664 6.787878787878788 24 66
1 62.55882352941177 9.205882352941176 17 34
1 27.38888888888889 69.35714285714286 9 7
1 48.45 7.861702127659575 20 47
1 16.03846153846154 5.751798561151079 52 139
1 6.978260869565218 5.712765957446808 46 94
1 8.733333333333333 7.609090909090909 30 55
