1 24.00877192982456 5.524390243902439 57 123
1 11.916666666666666 4.924242424242424 60 132
1 21.1046511627907 4.547058823529412 43 85
1 9.416666666666666 4.7368421052631575 36 76
1 14.32 4.723214285714286 50 112
1 1.6041666666666667 4.794117647058823 48 136
1 0.782608695652174 4.590909090909091 46 99
1 25.263157894736842 5.083333333333333 38 84
1 5.0 4.709302325581396 38 86
1 3.275 4.822222222222222 40 90
1 95.8529411764706 47.5 17 17
1 21.405405405405407 5.875 74 112
1 23.342105263157894 5.117021276595745 57 94
1 51.06666666666667 4.5 30 65
1 29.322580645161292 5.212 62 125
