1 13.857142857142858 4.628787878787879 84 132
1 16.627659574468087 4.911764705882353 47 102
1 10.75925925925926 4.354014598540146 54 137
1 35.54255319148936 3.55 47 100
1 30.242857142857144 3.9074074074074074 35 81
1 27.316326530612244 4.186274509803922 49 102
1 15.364864864864865 10.120689655172415 74 58
1 20.18421052631579 3.9166666666666665 38 108
1 10.742424242424242 3.932098765432099 33 81
1 30.35 4.018518518518518 60 108
1 22.14 3.7222222222222223 50 108
1 17.61111111111111 4.670454545454546 45 88
1 4.919354838709677 4.41358024691358 31 81
1 6.195652173913044 3.8821138211382116 69 123
1 8.363636363636363 3.6666666666666665 22 48
1 48.96666666666667 46.07142857142857 15 14
1 14.60909090909091 4.350467289719626 55 107
1 1.875 4.575862068965518 72 145
1 19.681818181818183 5.4 77 120
1 32.129629629629626 4.342592592592593 54 108
