1 10.547619047619047 4.573863636363637 126 176
1 21.708333333333332 3.964 48 125
1 10.154761904761905 3.9201680672268906 84 119
1 15.475308641975309 4.334482758620689 81 145
1 36.54 3.2901234567901234 50 81
1 38.65 3.6682242990654204 40 107
1 20.570422535211268 5.15625 71 96
1 26.662790697674417 3.5543478260869565 43 92
1 22.642857142857142 3.9583333333333335 42 72
1 17.111940298507463 4.183673469387755 67 98
1 20.45 3.711267605633803 60 71
1 38.392857142857146 3.762295081967213 28 61
1 29.941176470588236 3.7195121951219514 34 82
1 18.987179487179485 3.4148936170212765 39 94
1 5.444444444444445 3.8106796116504853 54 103
1 9.314814814814815 3.45 27 60
1 18.8125 43.916666666666664 16 12
