1 10.310526315789474 5.554263565891473 95 129
1 13.011627906976743 5.808411214953271 86 107
1 4.026315789473684 5.286407766990291 57 103
1 30.754545454545454 5.457746478873239 55 71
1 37.175 5.352459016393443 40 61
1 14.527397260273972 6.48876404494382 73 89
1 2.6067961165048543 5.991666666666666 103 120
1 23.211111111111112 5.018518518518518 45 81
1 21.272727272727273 5.609090909090909 22 55
1 34.9 5.6506849315068495 50 73
1 33.451219512195124 6.172727272727273 41 55
1 25.25 6.636363636363637 32 44
1 31.042857142857144 5.542253521126761 35 71
1 18.541666666666668 5.0479452054794525 48 73
1 11.566666666666666 5.02808988764045 45 89
1 47.57142857142857 7.5 14 30
1 72.33333333333333 46.43333333333333 18 15
1 9.472222222222221 5.516393442622951 36 61
1 9.347826086956522 5.781818181818182 46 110
1 0.5 5.63265306122449 35 98
1 13.6 6.574074074074074 80 108
1 28.674603174603174 6.942857142857143 63 70
