1 8.65702479338843 5.056338028169014 121 142
1 13.425925925925926 5.029411764705882 54 119
1 26.185714285714287 4.744186046511628 35 86
1 6.034883720930233 4.75 43 80
1 19.194444444444443 4.752252252252252 36 111
1 1.2049180327868851 4.694444444444445 61 144
1 28.2027027027027 4.956521739130435 37 92
1 2.1140350877192984 4.6313131313131315 57 99
1 103.23333333333333 51.57142857142857 15 14
1 25.14516129032258 4.818840579710145 62 138
1 34.375 4.547169811320755 40 106
1 39.75 4.382352941176471 36 68
1 25.58823529411765 4.820610687022901 68 131
