1 20.93076923076923 5.322033898305085 65 118
1 21.36046511627907 4.833333333333333 43 102
1 0.5 4.053846153846154 18 130
1 11.670212765957446 4.636363636363637 47 132
1 50.95454545454545 4.085106382978723 33 94
1 31.3 4.2125 35 80
1 27.72 4.594736842105263 50 95
1 13.61111111111111 10.833333333333334 81 54
1 21.894736842105264 4.402912621359223 38 103
1 13.8 4.662162162162162 30 74
1 53.44285714285714 4.461165048543689 35 103
1 27.225 4.26 40 100
1 23.194444444444443 6.7272727272727275 36 66
1 10.115384615384615 5.012820512820513 26 78
1 12.344827586206897 4.382352941176471 58 119
1 12.880952380952381 4.848837209302325 21 43
1 74.5 49.916666666666664 11 12
1 17.393617021276597 4.994736842105263 47 95
1 6.754237288135593 5.12015503875969 59 129
1 0.5 4.668224299065421 35 107
1 29.93859649122807 5.311475409836065 57 122
1 33.57272727272727 4.587378640776699 55 103
