1 11.594736842105263 5.270370370370371 95 135
1 12.991228070175438 4.943548387096774 57 124
1 23.710526315789473 4.744186046511628 38 86
1 7.590909090909091 4.8544303797468356 33 79
1 17.65 4.765486725663717 40 113
1 0.7162162162162162 4.953237410071942 74 139
1 23.952380952380953 4.844086021505376 42 93
1 2.043859649122807 4.794736842105263 57 95
1 0.5 4.782828282828283 28 99
1 104.36666666666666 55.357142857142854 15 14
1 25.30952380952381 6.06140350877193 63 114
1 31.63953488372093 4.633333333333334 43 105
1 54.84615384615385 4.529850746268656 26 67
1 29.39830508474576 4.9453125 59 128
