1 13.742105263157894 5.171875 95 128
1 12.136363636363637 4.9576271186440675 66 118
1 25.38888888888889 4.512658227848101 45 79
1 23.681818181818183 4.239726027397261 33 73
1 16.403846153846153 4.761682242990654 52 107
1 8.557692307692308 4.868421052631579 52 114
1 10.65 4.4010989010989015 40 91
1 30.134146341463413 4.738095238095238 41 84
1 17.18421052631579 4.322784810126582 38 79
1 11.775 4.621951219512195 40 82
1 5.717391304347826 4.302197802197802 46 91
1 5.880952380952381 4.428571428571429 21 42
1 91.88888888888889 45.61764705882353 18 17
1 20.710526315789473 6.0092592592592595 76 108
1 24.096774193548388 4.973684210526316 62 95
