1 22.79032258064516 5.303149606299213 62 127
1 11.942622950819672 4.9921875 61 128
1 22.261904761904763 4.697530864197531 42 81
1 10.916666666666666 4.512987012987013 36 77
1 11.390625 4.7727272727272725 64 110
1 2.05 4.949612403100775 60 129
1 1.6764705882352942 4.604166666666667 51 96
1 28.442857142857143 4.911764705882353 35 85
1 6.225 4.704819277108434 40 83
1 3.9130434782608696 4.795454545454546 46 88
1 96.1470588235294 46.14705882352941 17 17
1 21.65068493150685 6.009090909090909 73 110
1 28.145833333333332 5.053191489361702 48 94
1 48.31818181818182 4.361538461538461 33 65
1 27.11764705882353 5.038461538461538 68 130
