1 13.564935064935066 6.480769230769231 77 104
1 16.95614035087719 5.989130434782608 57 92
1 2.975 4.41919191919192 40 99
1 10.2 5.014018691588785 50 107
1 38.3780487804878 4.5 41 86
1 40.90625 4.685714285714286 32 70
1 19.536363636363635 5.131067961165049 55 103
1 18.96511627906977 5.028301886792453 43 106
1 23.243589743589745 4.532608695652174 39 92
1 20.5 4.930769230769231 25 65
1 38.151162790697676 4.818181818181818 43 88
1 32.69444444444444 4.590909090909091 36 77
1 13.56060606060606 5.269230769230769 33 65
1 27.0625 4.571428571428571 32 84
1 15.73404255319149 4.820987654320987 47 81
1 5.915730337078652 12.617647058823529 89 51
1 48.80769230769231 5.418918918918919 13 37
1 63.07142857142857 34.205882352941174 21 17
1 4.36 5.0 50 86
1 5.17948717948718 5.406542056074766 78 107
1 5.642857142857143 4.969387755102041 42 98
1 18.88157894736842 6.775510204081633 76 98
1 26.623076923076923 4.694444444444445 65 108
