1 11.592105263157896 5.515503875968992 76 129
1 13.475 5.923076923076923 80 104
1 1.8859649122807018 5.309523809523809 57 105
1 34.05555555555556 5.359154929577465 45 71
1 32.03658536585366 5.972727272727273 41 55
1 16.86842105263158 5.651515151515151 57 99
1 2.3072289156626504 5.515503875968992 83 129
1 20.681818181818183 4.845238095238095 44 84
1 14.227272727272727 5.464912280701754 22 57
1 30.384615384615383 5.753521126760563 52 71
1 35.85294117647059 5.290322580645161 34 62
1 22.464285714285715 6.7727272727272725 28 44
1 24.824324324324323 5.731884057971015 37 69
1 17.5 5.166666666666667 42 72
1 7.833333333333333 5.2272727272727275 51 88
1 29.91176470588235 6.803030303030303 17 33
1 100.73076923076923 45.73076923076923 13 13
1 4.719512195121951 5.359375 41 64
1 5.273584905660377 5.894495412844036 53 109
1 11.709302325581396 6.3090909090909095 86 110
1 41.88461538461539 6.568493150684931 39 73
