1 32.207317073170735 4.344827586206897 41 116
1 9.658730158730158 4.994623655913978 63 93
1 16.035211267605632 5.101503759398496 71 133
1 46.3421052631579 4.119047619047619 38 105
1 23.483606557377048 4.804761904761905 61 105
1 29.540816326530614 4.405882352941177 49 85
1 28.5 4.2631578947368425 33 76
1 30.516949152542374 4.150943396226415 59 106
1 41.166666666666664 3.85 45 80
1 47.666666666666664 4.672413793103448 30 58
1 35.975 4.088235294117647 40 85
1 31.5 3.848314606741573 34 89
1 11.011111111111111 4.448453608247423 45 97
1 17.775862068965516 4.444444444444445 29 54
1 35.80769230769231 46.25 13 12
1 6.35 4.029411764705882 40 85
1 4.544776119402985 15.359375 67 64
