1 12.273809523809524 6.607843137254902 84 102
1 16.188524590163933 5.967391304347826 61 92
1 3.7162162162162162 4.541237113402062 37 97
1 11.673913043478262 5.240384615384615 46 104
1 38.98780487804878 4.5813953488372094 41 86
1 41.8125 4.8768115942028984 32 69
1 22.770833333333332 5.245098039215686 48 102
1 19.38372093023256 5.201923076923077 43 104
1 23.935897435897434 4.619565217391305 39 92
1 21.5 5.007692307692308 25 65
1 37.86363636363637 4.948275862068965 44 87
1 33.47222222222222 4.6688311688311686 36 77
1 15.833333333333334 5.346153846153846 30 65
1 27.875 4.666666666666667 32 84
1 16.28723404255319 4.895061728395062 47 81
1 6.620481927710843 11.271929824561404 83 57
1 50.80769230769231 5.608108108108108 13 37
1 60.69047619047619 31.61764705882353 21 17
1 5.738095238095238 4.777777777777778 42 90
1 7.040983606557377 5.655339805825243 61 103
1 5.5 5.510989010989011 48 91
1 18.09493670886076 7.0473684210526315 79 95
1 26.869230769230768 4.768518518518518 65 108
