1 17.30722891566265 5.995652173913044 83 115
1 12.214285714285714 5.32051282051282 63 117
1 19.076923076923077 4.785714285714286 52 77
1 15.558823529411764 4.366666666666666 34 75
1 13.219298245614034 4.653153153153153 57 111
1 4.481132075471698 5.127118644067797 53 118
1 4.413043478260869 4.4787234042553195 46 94
1 28.236842105263158 4.672413793103448 38 87
1 11.11111111111111 4.379518072289157 36 83
1 6.0 4.511363636363637 48 88
1 0.5 4.457446808510638 34 94
1 90.38888888888889 44.55882352941177 18 17
1 33.840425531914896 6.009090909090909 47 110
1 24.394736842105264 4.963157894736842 57 95
1 53.07575757575758 4.082089552238806 33 67
1 29.023076923076925 4.826241134751773 65 141
