1 22.3125 4.671428571428572 48 140
1 14.587719298245615 5.319047619047619 57 105
1 28.976190476190474 4.546511627906977 42 86
1 17.772727272727273 4.552631578947368 33 76
1 28.147058823529413 4.8578947368421055 34 95
1 7.3875 5.957943925233645 80 107
1 8.894736842105264 4.702127659574468 38 94
1 35.44736842105263 4.625 38 96
1 12.30952380952381 4.510416666666667 42 96
1 7.573170731707317 4.5495049504950495 41 101
1 6.014563106796117 6.042857142857143 103 105
1 28.88095238095238 36.833333333333336 21 18
1 2.8275862068965516 4.8061224489795915 58 98
1 29.59433962264151 5.03030303030303 53 132
1 26.15573770491803 5.145161290322581 61 93
1 58.01724137931034 3.9857142857142858 29 70
