1 30.906779661016948 5.701612903225806 59 124
1 31.333333333333332 6.398876404494382 48 89
1 5.029411764705882 6.036231884057971 34 69
1 13.026315789473685 7.157894736842105 38 76
1 43.646341463414636 5.391089108910891 41 101
1 25.595238095238095 7.028735632183908 42 87
1 57.285714285714285 6.007042253521127 28 71
1 44.55 7.029411764705882 20 51
1 73.26190476190476 7.138297872340425 21 47
1 52.5 6.171428571428572 32 70
1 58.76923076923077 6.0 26 68
1 34.810344827586206 5.972972972972973 29 74
1 57.026315789473685 7.5 19 38
1 28.73076923076923 25.2 13 10
1 39.13636363636363 6.650943396226415 22 53
1 12.598360655737705 5.882352941176471 61 136
1 10.661290322580646 5.854838709677419 31 93
1 7.34 6.517241379310345 25 58
