1 11.86986301369863 5.788135593220339 73 118
1 18.693548387096776 6.837349397590361 62 83
1 47.53333333333333 5.266233766233766 30 77
1 47.625 5.614754098360656 24 61
1 20.855555555555554 5.790322580645161 45 93
1 3.5 5.357142857142857 70 133
1 19.45 5.609756097560975 40 82
1 3.0 5.741935483870968 24 62
1 37.18421052631579 5.753164556962025 38 79
1 36.46296296296296 5.194444444444445 27 72
1 11.153846153846153 6.351851851851852 26 54
1 25.833333333333332 5.102409638554217 27 83
1 20.879310344827587 5.055555555555555 29 81
1 4.871428571428571 5.361702127659575 70 94
1 14.119047619047619 7.0 21 36
1 77.0 24.735294117647058 16 17
1 0.5217391304347826 5.541666666666667 46 72
1 1.0466666666666666 5.891666666666667 75 120
1 22.32 5.546511627906977 50 129
1 30.041666666666668 5.425531914893617 48 94
