1 19.03125 4.988 64 125
1 14.283333333333333 5.97191011235955 60 89
1 5.118181818181818 4.711678832116788 55 137
1 39.69444444444444 4.454022988505747 36 87
1 22.92105263157895 4.838028169014085 38 71
1 36.90625 4.650537634408602 32 93
1 9.841176470588236 15.973684210526315 85 38
1 12.798245614035087 6.5 57 71
1 5.54 4.537974683544304 25 79
1 46.38235294117647 4.697916666666667 34 96
1 15.092592592592593 5.069767441860465 54 86
1 17.271428571428572 4.645833333333333 35 96
1 0.5434782608695652 5.4480519480519485 23 77
1 10.947368421052632 5.270642201834862 76 109
1 1.3571428571428572 5.285714285714286 21 42
1 58.96153846153846 44.142857142857146 13 14
1 10.865853658536585 5.3522727272727275 41 88
1 4.122950819672131 5.018248175182482 61 137
1 18.43103448275862 4.907407407407407 87 135
1 38.61363636363637 5.3 44 90
