1 35.0 4.545045045045045 38 111
1 8.544117647058824 4.889473684210526 68 95
1 14.979452054794521 4.888489208633094 73 139
1 48.833333333333336 4.333333333333333 36 102
1 26.31132075471698 4.754716981132075 53 106
1 24.53448275862069 4.4411764705882355 58 85
1 24.95945945945946 4.554794520547945 37 73
1 30.816666666666666 4.382352941176471 60 102
1 36.8921568627451 4.018987341772152 51 79
1 44.46875 4.850877192982456 32 57
1 39.608108108108105 4.170588235294118 37 85
1 31.91176470588235 3.9827586206896552 34 87
1 11.366666666666667 4.24 45 100
1 22.166666666666668 4.650943396226415 24 53
1 36.88461538461539 45.75 13 12
1 6.914634146341464 4.277777777777778 41 81
1 6.7 12.697368421052632 60 76
