1 24.64814814814815 5.5 54 124
1 12.732142857142858 4.9772727272727275 56 132
1 24.04054054054054 4.488505747126437 37 87
1 8.283783783783784 4.785714285714286 37 77
1 16.785714285714285 4.815315315315315 42 111
1 0.956140350877193 4.766187050359712 57 139
1 0.5909090909090909 4.59 33 100
1 23.525 5.142857142857143 40 84
1 4.333333333333333 4.775862068965517 36 87
1 2.4523809523809526 4.99438202247191 42 89
1 96.02941176470588 47.911764705882355 17 17
1 25.325396825396826 6.077981651376147 63 109
1 24.444444444444443 5.089473684210526 54 95
1 53.42857142857143 4.5 28 66
1 33.351851851851855 5.264227642276423 54 123
