1 13.1875 5.468 64 125
1 17.46923076923077 6.465909090909091 65 88
1 39.98571428571429 5.45945945945946 35 74
1 62.72222222222222 5.467741935483871 18 62
1 22.182926829268293 5.2254901960784315 41 102
1 3.1818181818181817 5.25 66 136
1 23.045454545454547 5.079545454545454 33 88
1 2.1666666666666665 5.661290322580645 30 62
1 39.02777777777778 5.907894736842105 36 76
1 35.07142857142857 5.257142857142857 28 70
1 12.14 6.538461538461538 25 52
1 20.5 5.275 34 80
1 18.34375 5.006172839506172 32 81
1 4.776923076923077 5.372340425531915 65 94
1 17.029411764705884 6.972222222222222 17 36
1 68.65789473684211 24.5 19 20
1 0.5 5.77536231884058 29 69
1 0.9032258064516129 5.5476190476190474 62 126
1 16.407692307692308 5.438461538461539 65 130
1 21.746153846153845 5.424731182795699 65 93
