1 34.97727272727273 6.488372093023256 44 86
1 6.217948717948718 6.3307692307692305 39 65
1 10.479591836734693 7.926470588235294 49 68
1 44.19047619047619 5.678947368421053 42 95
1 21.5188679245283 6.928571428571429 53 84
1 58.607142857142854 6.1231884057971016 28 69
1 42.27272727272727 6.285714285714286 22 56
1 72.27272727272727 7.848837209302325 22 43
1 57.63333333333333 6.007042253521127 30 71
1 58.2037037037037 6.136363636363637 27 66
1 37.392857142857146 6.470588235294118 28 68
1 60.55555555555556 8.271428571428572 18 35
1 33.3 27.4 10 10
1 41.18181818181818 6.5754716981132075 22 53
1 12.404761904761905 6.334645669291339 63 127
1 7.386363636363637 5.552083333333333 44 96
1 8.23076923076923 5.90625 26 64
