1 33.05 4.378260869565217 40 115
1 11.423076923076923 5.115384615384615 52 91
1 17.5 5.34375 64 128
1 46.31578947368421 4.1826923076923075 38 104
1 27.26923076923077 5.146464646464646 52 99
1 28.30392156862745 4.405882352941177 51 85
1 33.32142857142857 4.3533333333333335 28 75
1 37.833333333333336 4.315533980582524 48 103
1 40.45652173913044 3.8625 46 80
1 46.08064516129032 4.672413793103448 31 58
1 42.64705882352941 4.178571428571429 34 84
1 31.558823529411764 3.859550561797753 34 89
1 10.585106382978724 4.377551020408164 47 98
1 19.96153846153846 4.462962962962963 26 54
1 35.88461538461539 46.166666666666664 13 12
1 6.602564102564102 4.029411764705882 39 85
1 4.946153846153846 15.1 65 65
