1 15.020547945205479 4.698473282442748 73 131
1 14.86 4.482142857142857 50 112
1 13.1 4.310218978102189 45 137
1 34.666666666666664 3.5 48 100
1 28.2027027027027 3.768292682926829 37 82
1 28.782608695652176 4.086538461538462 46 104
1 15.0 9.09375 76 64
1 20.013513513513512 4.416666666666667 37 96
1 10.045454545454545 3.8048780487804876 33 82
1 34.30769230769231 3.990740740740741 52 108
1 24.0 3.8461538461538463 46 104
1 18.452380952380953 4.112244897959184 42 98
1 3.596774193548387 4.290123456790123 31 81
1 5.376923076923077 3.93801652892562 65 121
1 7.357142857142857 3.4183673469387754 21 49
1 47.5 47.0 15 14
1 12.833333333333334 4.160550458715596 60 109
1 0.8026315789473685 4.368421052631579 76 152
1 19.105263157894736 5.266129032258065 76 124
1 27.975409836065573 4.119469026548672 61 113
