1 18.007462686567163 6.04954954954955 67 111
1 14.1 5.1 60 110
1 3.576923076923077 5.252380952380952 52 105
1 28.58888888888889 4.41358024691358 45 81
1 33.43103448275862 4.194444444444445 29 72
1 15.931034482758621 4.956310679611651 58 103
1 12.291666666666666 4.818181818181818 48 110
1 17.893939393939394 4.366666666666666 33 90
1 5.742424242424242 4.528985507246377 33 69
1 26.173076923076923 4.95679012345679 52 81
1 22.7972972972973 4.243589743589744 37 78
1 3.588235294117647 5.111940298507463 34 67
1 11.77450980392157 4.894736842105263 51 76
1 9.010204081632653 4.373563218390805 49 87
1 2.3666666666666667 4.7844827586206895 60 116
1 18.852941176470587 4.815789473684211 17 38
1 80.2 38.55882352941177 20 17
1 0.5 4.681818181818182 73 132
1 16.32608695652174 5.9672897196261685 92 107
1 23.073529411764707 4.974226804123711 68 97
