1 19.94 5.944444444444445 50 108
1 21.482456140350877 6.5246913580246915 57 81
1 8.705128205128204 5.40566037735849 39 106
1 51.82258064516129 5.861111111111111 31 72
1 34.756410256410255 5.983333333333333 39 60
1 27.785714285714285 6.068181818181818 42 88
1 15.55 5.465217391304348 40 115
1 21.75 5.247126436781609 44 87
1 14.462962962962964 5.629032258064516 27 62
1 35.9 5.464285714285714 45 84
1 33.15714285714286 5.105263157894737 35 76
1 19.26923076923077 6.688679245283019 26 53
1 27.59375 5.35 32 80
1 20.78205128205128 5.166666666666667 39 81
1 8.0 5.758064516129032 70 93
1 32.5 7.128571428571429 18 35
1 53.1875 16.214285714285715 16 14
1 6.848837209302325 6.108695652173913 43 69
1 6.359154929577465 6.105769230769231 71 104
1 3.6864406779661016 5.509708737864078 59 103
1 22.580645161290324 5.588709677419355 62 124
1 25.619402985074625 5.897849462365591 67 93
