1 14.702702702702704 4.746153846153846 74 130
1 14.78 4.446902654867257 50 113
1 13.755813953488373 4.295620437956204 43 137
1 35.3936170212766 3.5303030303030303 47 99
1 27.394736842105264 3.6927710843373496 38 83
1 26.42 4.096153846153846 50 104
1 14.824675324675324 8.946153846153846 77 65
1 18.884615384615383 4.630434782608695 39 92
1 10.25 3.792682926829268 32 82
1 35.56 4.0327102803738315 50 107
1 23.47872340425532 3.8883495145631066 47 103
1 18.841463414634145 4.149484536082475 41 97
1 3.403225806451613 4.277777777777778 31 81
1 5.296875 3.975 64 120
1 7.214285714285714 3.3979591836734695 21 49
1 47.3 47.142857142857146 15 14
1 12.75 4.090909090909091 60 110
1 0.6481481481481481 4.3431372549019605 81 153
1 19.76027397260274 5.282258064516129 73 124
1 27.43548387096774 4.078947368421052 62 114
