1 34.94736842105263 4.5 38 112
1 8.11111111111111 4.9 72 95
1 14.43421052631579 4.835714285714285 76 140
1 47.527027027027025 4.333333333333333 37 102
1 26.40566037735849 4.745283018867925 53 106
1 24.603448275862068 4.429411764705883 58 85
1 25.04054054054054 4.513698630136986 37 73
1 31.194915254237287 4.325242718446602 59 103
1 34.11818181818182 3.9936708860759493 55 79
1 41.85294117647059 4.833333333333333 34 57
1 39.472972972972975 4.147058823529412 37 85
1 31.823529411764707 3.9318181818181817 34 88
1 10.583333333333334 4.24 48 100
1 22.0 4.613207547169812 24 53
1 36.57692307692308 45.833333333333336 13 12
1 6.925 4.219512195121951 40 82
1 6.45 13.48611111111111 60 72
