1 16.41549295774648 5.774193548387097 71 124
1 16.705479452054796 6.458333333333333 73 96
1 7.038461538461538 5.644329896907217 52 97
1 70.57407407407408 5.957142857142857 27 70
1 59.43103448275862 5.196969696969697 29 66
1 26.585106382978722 10.310344827586206 47 58
1 8.160377358490566 5.370229007633588 53 131
1 31.55128205128205 5.333333333333333 39 78
1 26.583333333333332 5.907407407407407 24 54
1 45.15714285714286 5.5476190476190474 35 63
1 40.11538461538461 6.521739130434782 26 46
1 40.59375 5.638888888888889 32 72
1 27.675 4.921052631578948 40 76
1 17.1 5.264705882352941 40 85
1 47.0 6.7 18 35
1 49.32608695652174 41.166666666666664 23 15
1 16.5625 6.017857142857143 32 56
1 9.96551724137931 5.5 58 119
1 3.19811320754717 5.189320388349515 53 103
1 17.630434782608695 6.617117117117117 69 111
