1 15.972222222222221 5.129032258064516 72 124
1 11.640845070422536 5.333333333333333 71 102
1 2.093220338983051 5.3076923076923075 59 130
1 27.979166666666668 4.728915662650603 48 83
1 24.966666666666665 4.608108108108108 30 74
1 31.88235294117647 4.71505376344086 34 93
1 9.660493827160494 6.225274725274725 81 91
1 10.154545454545454 4.563157894736842 55 95
1 49.36666666666667 4.666666666666667 30 96
1 15.681818181818182 5.147058823529412 44 85
1 11.890243902439025 4.78421052631579 41 95
1 8.342105263157896 4.830578512396694 95 121
1 9.25 5.1521739130434785 36 92
1 1.443661971830986 5.124113475177305 71 141
1 17.758426966292134 5.033834586466165 89 133
1 25.015151515151516 4.795918367346939 66 98
1 73.1 4.220588235294118 25 68
