1 18.48507462686567 6.115384615384615 67 117
1 20.23015873015873 5.955445544554456 63 101
1 9.011627906976743 5.551020408163265 43 98
1 66.35185185185185 5.303030303030303 27 66
1 24.063636363636363 6.4 55 90
1 6.680555555555555 5.66 72 125
1 39.13636363636363 5.024390243902439 33 82
1 37.72222222222222 5.981481481481482 18 54
1 48.23529411764706 5.626984126984127 34 63
1 48.369565217391305 6.788888888888889 23 45
1 43.79032258064516 5.609589041095891 31 73
1 40.53448275862069 4.82051282051282 29 78
1 18.45 5.174418604651163 40 86
1 52.38235294117647 6.9 17 35
1 36.5 41.43333333333333 27 15
1 23.22 5.6525423728813555 25 59
1 13.954545454545455 4.874045801526718 44 131
1 3.9339622641509435 5.189320388349515 53 103
1 18.314285714285713 6.121848739495798 70 119
