1 7.921487603305785 5.220779220779221 121 154
1 24.115384615384617 4.213114754098361 39 122
1 13.280821917808218 4.313559322033898 73 118
1 20.403225806451612 4.414285714285715 62 140
1 63.36666666666667 3.391089108910891 30 101
1 53.375 3.4753086419753085 32 81
1 24.09375 4.818181818181818 64 88
1 29.395833333333332 4.784313725490196 48 102
1 28.0 3.8448275862068964 38 87
1 23.865853658536587 4.411764705882353 41 68
1 16.652542372881356 4.664835164835165 59 91
1 19.74 6.633333333333334 50 45
1 41.15217391304348 4.083333333333333 23 60
1 19.7 3.9430379746835444 45 79
1 18.557142857142857 3.617021276595745 35 94
1 9.214285714285714 3.6559633027522938 28 109
1 7.5 3.896551724137931 27 58
1 40.5 48.77272727272727 23 11
