1 11.39922480620155 4.423076923076923 129 182
1 22.1734693877551 3.8858267716535435 49 127
1 9.511627906976743 3.9017094017094016 86 117
1 15.41358024691358 4.471830985915493 81 142
1 48.705128205128204 2.9157303370786516 39 89
1 32.541666666666664 3.795238095238095 48 105
1 23.0625 4.283783783783784 64 111
1 32.689189189189186 3.4157894736842107 37 95
1 26.333333333333332 3.8066666666666666 36 75
1 20.270491803278688 4.156565656565657 61 99
1 24.971698113207548 3.636986301369863 53 73
1 39.258620689655174 3.611111111111111 29 63
1 28.236842105263158 3.808641975308642 38 81
1 21.916666666666668 3.2731958762886597 36 97
1 5.448275862068965 3.820388349514563 58 103
1 9.775862068965518 3.433333333333333 29 60
1 24.5 42.75 13 12
