1 14.244186046511627 4.7153846153846155 86 130
1 14.767857142857142 5.091836734693878 56 98
1 8.638461538461538 4.36231884057971 65 138
1 38.96511627906977 3.768041237113402 43 97
1 23.966666666666665 4.120253164556962 45 79
1 22.172131147540984 4.29 61 100
1 15.527397260273972 10.736363636363636 73 55
1 18.88095238095238 4.341584158415841 42 101
1 10.814285714285715 4.075 35 80
1 33.5 4.242857142857143 55 105
1 29.31578947368421 3.919047619047619 38 105
1 19.19047619047619 6.671875 42 64
1 6.17741935483871 4.512345679012346 31 81
1 6.592105263157895 4.0966386554621845 76 119
1 10.071428571428571 4.043478260869565 21 46
1 50.43333333333333 48.73076923076923 15 13
1 14.982142857142858 4.452830188679245 56 106
1 2.7857142857142856 4.555555555555555 77 144
1 23.350746268656717 5.684210526315789 67 114
1 28.942622950819672 4.359813084112149 61 107
