1 16.819444444444443 5.991071428571429 72 112
1 15.035714285714286 5.118181818181818 56 110
1 2.763157894736842 5.29047619047619 57 105
1 28.344444444444445 4.475 45 80
1 32.98275862068966 4.208333333333333 29 72
1 15.073770491803279 4.956310679611651 61 103
1 12.104166666666666 4.827272727272727 48 110
1 16.557142857142857 4.366666666666666 35 90
1 5.46875 4.543478260869565 32 69
1 26.0 4.95679012345679 52 81
1 22.41891891891892 4.256410256410256 37 78
1 3.0714285714285716 5.141791044776119 35 67
1 12.071428571428571 4.837662337662338 49 77
1 8.58 4.318181818181818 50 88
1 1.7333333333333334 4.793103448275862 60 116
1 16.18421052631579 4.842105263157895 19 38
1 80.4 38.73529411764706 20 17
1 0.5 4.681818181818182 46 132
1 16.188172043010752 5.907407407407407 93 108
1 23.71212121212121 4.963917525773196 66 97
