1 19.58695652173913 5.208333333333333 69 120
1 21.714285714285715 4.866336633663367 42 101
1 0.5 4.053846153846154 18 130
1 11.691489361702128 4.621212121212121 47 132
1 43.08974358974359 4.074468085106383 39 94
1 33.28787878787879 4.1875 33 80
1 31.522727272727273 4.58421052631579 44 95
1 14.018987341772151 10.833333333333334 79 54
1 21.86842105263158 4.3 38 105
1 12.90625 4.58 32 75
1 53.44285714285714 4.394230769230769 35 104
1 26.646341463414632 4.25 41 100
1 23.194444444444443 6.681818181818182 36 66
1 9.25 4.8924050632911396 28 79
1 11.434426229508198 4.448717948717949 61 117
1 12.738095238095237 4.8023255813953485 21 43
1 67.75 50.333333333333336 12 12
1 17.847826086956523 5.015789473684211 46 95
1 6.03125 5.12015503875969 64 129
1 0.5 4.668224299065421 29 107
1 28.73728813559322 5.185483870967742 59 124
1 33.445454545454545 4.698019801980198 55 101
