1 16.064705882352943 5.161538461538462 85 130
1 8.598901098901099 5.101694915254237 91 118
1 24.593023255813954 4.913333333333333 43 75
1 16.3 4.136363636363637 40 77
1 12.82258064516129 4.90566037735849 62 106
1 5.029411764705882 5.2657657657657655 68 111
1 6.542553191489362 4.446236559139785 47 93
1 22.057692307692307 4.674418604651163 52 86
1 17.466666666666665 4.246987951807229 30 83
1 8.344444444444445 4.386363636363637 45 88
1 3.1363636363636362 4.340425531914893 44 94
1 91.38888888888889 45.205882352941174 18 17
1 25.46825396825397 6.087155963302752 63 109
1 23.177419354838708 4.8061224489795915 62 98
1 39.96808510638298 4.34375 47 64
1 68.03571428571429 6.136363636363637 28 121
