1 12.30281690140845 5.523255813953488 71 129
1 13.980519480519481 5.7924528301886795 77 106
1 1.4682539682539681 5.375 63 104
1 34.54545454545455 5.359154929577465 44 71
1 33.34615384615385 5.972727272727273 39 55
1 17.64814814814815 5.57 54 100
1 2.396103896103896 5.515503875968992 77 129
1 19.92222222222222 4.845238095238095 45 84
1 12.978260869565217 5.362068965517241 23 58
1 31.36 5.753521126760563 50 71
1 33.5 5.198412698412699 36 63
1 21.964285714285715 6.795454545454546 28 44
1 23.21794871794872 5.642857142857143 39 70
1 17.621951219512194 5.194444444444445 41 72
1 7.78 5.316091954022989 50 87
1 30.9375 6.803030303030303 16 33
1 100.8076923076923 49.25 13 12
1 4.378048780487805 5.375 41 64
1 4.603448275862069 6.0514018691588785 58 107
1 11.674418604651162 6.22972972972973 86 111
1 42.60526315789474 6.582191780821918 38 73
