1 8.036 4.975862068965517 125 145
1 15.909090909090908 4.866666666666666 44 120
1 24.44736842105263 4.522471910112359 38 89
1 6.136363636363637 4.548780487804878 44 82
1 19.5 5.2 35 100
1 1.4411764705882353 4.680555555555555 68 144
1 24.318181818181817 4.622448979591836 44 98
1 2.4523809523809526 4.691919191919192 63 99
1 49.53703703703704 50.57142857142857 27 14
1 17.431818181818183 6.02991452991453 88 117
1 34.65 4.509433962264151 40 106
1 44.90625 4.142857142857143 32 70
1 32.77777777777778 4.67910447761194 54 134
