1 35.03333333333333 6.055555555555555 45 90
1 6.5 6.111940298507463 51 67
1 11.16 6.5886075949367084 50 79
1 127.36666666666666 6.475903614457831 15 83
1 23.86 7.447368421052632 50 76
1 61.648148148148145 6.1231884057971016 27 69
1 50.921052631578945 6.923076923076923 19 52
1 74.0909090909091 7.217391304347826 22 46
1 53.53030303030303 6.703125 33 64
1 64.06 6.207692307692308 25 65
1 36.43333333333333 6.367647058823529 30 68
1 57.55263157894737 7.851351351351352 19 37
1 30.3 34.0 10 10
1 52.5 7.1938775510204085 18 49
1 12.671875 5.444827586206896 64 145
1 6.958333333333333 5.563157894736842 48 95
1 5.588888888888889 6.483333333333333 45 60
