1 17.8875 5.948275862068965 80 116
1 12.03125 5.311965811965812 64 117
1 20.357142857142858 4.868421052631579 49 76
1 17.370967741935484 4.366666666666666 31 75
1 12.418032786885245 4.709090909090909 61 110
1 4.9 5.101694915254237 50 118
1 4.166666666666667 4.532258064516129 51 93
1 28.42105263157895 4.6022727272727275 38 88
1 11.094594594594595 4.379518072289157 37 83
1 6.704545454545454 4.511363636363637 44 88
1 0.5 4.457446808510638 34 94
1 90.5 44.38235294117647 18 17
1 33.145833333333336 6.027272727272727 48 110
1 25.37272727272727 4.963157894736842 55 95
1 51.8235294117647 4.082089552238806 34 67
1 31.483333333333334 4.847517730496454 60 141
