1 16.0 5.87719298245614 76 114
1 15.839622641509434 5.136363636363637 53 110
1 2.745614035087719 5.29047619047619 57 105
1 28.07777777777778 4.550632911392405 45 79
1 32.53448275862069 4.274647887323944 29 71
1 14.28125 4.894230769230769 64 104
1 11.895833333333334 4.836363636363636 48 110
1 14.947368421052632 4.366666666666666 38 90
1 5.3 4.4714285714285715 30 70
1 25.826923076923077 4.944444444444445 52 81
1 22.06756756756757 4.269230769230769 37 78
1 2.5833333333333335 5.156716417910448 36 67
1 12.166666666666666 4.782051282051282 48 78
1 8.166666666666666 4.329545454545454 51 88
1 1.680327868852459 4.801724137931035 61 116
1 14.071428571428571 4.986486486486487 21 37
1 84.86842105263158 38.85294117647059 19 17
1 0.5 4.681818181818182 46 132
1 15.878947368421052 5.898148148148148 95 108
1 24.753968253968253 4.8979591836734695 63 98
