1 18.014705882352942 6.012605042016807 68 119
1 19.43846153846154 6.05 65 100
1 8.522222222222222 5.561224489795919 45 98
1 65.87037037037037 5.2727272727272725 27 66
1 24.25925925925926 6.904761904761905 54 84
1 6.9411764705882355 5.611111111111111 68 126
1 37.61764705882353 5.092592592592593 34 81
1 35.28947368421053 5.962962962962963 19 54
1 47.88235294117647 5.611111111111111 34 63
1 47.76086956521739 6.766666666666667 23 45
1 43.403225806451616 5.595890410958904 31 73
1 37.5 4.8076923076923075 31 78
1 18.175 5.186046511627907 40 86
1 51.85294117647059 6.871428571428571 17 35
1 39.0 41.36666666666667 26 15
1 21.12962962962963 5.775862068965517 27 58
1 12.925531914893616 4.9728682170542635 47 129
1 3.80188679245283 5.189320388349515 53 103
1 18.142857142857142 6.235042735042735 70 117
