1 12.869565217391305 4.6603053435114505 92 131
1 17.655555555555555 5.055555555555555 45 99
1 10.685185185185185 4.354014598540146 54 137
1 38.04545454545455 3.6530612244897958 44 98
1 28.716216216216218 3.8132530120481927 37 83
1 22.35 4.242574257425742 60 101
1 15.568493150684931 10.517857142857142 73 56
1 18.890243902439025 3.8944954128440368 41 109
1 12.0 3.9444444444444446 30 81
1 30.024590163934427 4.070093457943925 61 107
1 20.5 3.759259259259259 54 108
1 18.09090909090909 5.117283950617284 44 81
1 5.306451612903226 4.462962962962963 31 81
1 6.617647058823529 3.8629032258064515 68 124
1 8.41304347826087 3.8191489361702127 23 47
1 49.36666666666667 45.785714285714285 15 14
1 15.330188679245284 4.314814814814815 53 108
1 2.018987341772152 4.676056338028169 79 142
1 21.305555555555557 5.55982905982906 72 117
1 32.839622641509436 4.443396226415095 53 106
