1 14.246835443037975 6.266355140186916 79 107
1 13.890625 4.839285714285714 64 112
1 8.68421052631579 5.32 38 100
1 28.5 4.309523809523809 50 84
1 35.3125 4.274647887323944 32 71
1 16.25409836065574 5.15 61 100
1 13.235849056603774 5.408163265306122 53 98
1 19.87837837837838 4.198924731182796 37 93
1 9.985714285714286 4.746153846153846 35 65
1 29.74 4.7976190476190474 50 84
1 28.642857142857142 4.318181818181818 35 77
1 8.43939393939394 5.130769230769231 33 65
1 16.593023255813954 4.907894736842105 43 76
1 16.785714285714285 4.405882352941177 35 85
1 4.6558441558441555 6.718390804597701 77 87
1 36.34615384615385 4.905405405405405 13 37
1 72.69047619047619 43.794117647058826 21 17
1 1.3307692307692307 4.936781609195402 65 87
1 2.5 4.603174603174603 85 126
1 1.1607142857142858 4.954545454545454 56 99
1 18.3875 5.7342342342342345 80 111
1 28.46551724137931 5.226315789473684 58 95
