1 16.340579710144926 4.552238805970149 69 134
1 15.16 4.686915887850467 50 107
1 10.87037037037037 4.361313868613139 54 137
1 32.59803921568628 3.4411764705882355 51 102
1 33.88709677419355 4.051282051282051 31 78
1 45.98275862068966 4.0673076923076925 29 104
1 15.166666666666666 9.403225806451612 75 62
1 22.893939393939394 3.9205607476635516 33 107
1 9.052631578947368 3.919753086419753 38 81
1 31.62280701754386 3.990740740740741 57 108
1 26.30952380952381 3.6666666666666665 42 108
1 17.108695652173914 3.995049504950495 46 101
1 4.241935483870968 4.339506172839506 31 81
1 5.5285714285714285 3.901639344262295 70 122
1 7.976190476190476 3.5 21 49
1 48.166666666666664 46.57142857142857 15 14
1 13.133333333333333 4.423809523809524 60 105
1 1.5 4.413333333333333 61 150
1 17.232558139534884 5.103174603174603 86 126
1 29.74137931034483 4.169642857142857 58 112
