1 37.21111111111111 6.281609195402299 45 87
1 17.635135135135137 6.302816901408451 37 71
1 8.642857142857142 6.2894736842105265 77 95
1 25.827272727272728 6.573170731707317 55 82
1 37.689189189189186 6.279411764705882 37 68
1 32.392857142857146 6.565573770491803 28 61
1 55.035714285714285 7.521739130434782 28 46
1 39.083333333333336 6.314285714285714 48 70
1 55.88461538461539 5.809859154929577 26 71
1 36.0 6.0479452054794525 30 73
1 31.714285714285715 8.05 28 40
1 25.9 63.875 10 8
1 27.693548387096776 6.182539682539683 31 63
1 15.942307692307692 5.7465753424657535 52 146
1 3.95 5.618279569892473 40 93
