1 9.773684210526316 4.95625 95 160
1 25.364864864864863 4.213114754098361 37 122
1 17.096491228070175 4.024193548387097 57 124
1 23.081818181818182 4.267605633802817 55 142
1 63.36666666666667 3.410891089108911 30 101
1 48.84285714285714 3.5375 35 80
1 27.07894736842105 4.7 57 90
1 38.33783783783784 4.41743119266055 37 109
1 31.58823529411765 3.883720930232558 34 86
1 35.0 4.097222222222222 28 72
1 17.086206896551722 4.255102040816326 58 98
1 20.393617021276597 4.811475409836065 47 61
1 41.108695652173914 4.177966101694915 23 59
1 18.627659574468087 3.9556962025316458 47 79
1 17.445945945945947 3.6382978723404253 37 94
1 9.214285714285714 3.665137614678899 28 109
1 7.425925925925926 3.913793103448276 27 58
1 73.65384615384616 49.22727272727273 13 11
