1 42.75 6.071428571428571 40 91
1 11.87037037037037 6.13013698630137 54 73
1 11.425925925925926 6.829411764705882 54 85
1 33.404761904761905 6.5602409638554215 42 83
1 60.5 6.013888888888889 25 72
1 46.69047619047619 6.683333333333334 21 60
1 77.07142857142857 7.877777777777778 21 45
1 82.93478260869566 6.222222222222222 23 72
1 48.65625 5.908450704225352 32 71
1 31.05263157894737 6.5 38 70
1 51.13157894736842 8.905405405405405 19 37
1 23.0 63.75 10 8
1 40.041666666666664 6.672413793103448 24 58
1 12.909090909090908 5.708333333333333 66 144
1 7.158536585365853 5.944444444444445 41 90
1 5.029411764705882 6.671875 34 64
