1 13.670212765957446 5.26984126984127 94 126
1 13.720338983050848 4.898305084745763 59 118
1 0.5 4.9655172413793105 48 116
1 23.32 4.351851851851852 50 81
1 28.155172413793103 4.198630136986301 29 73
1 14.913793103448276 4.724299065420561 58 107
1 8.359649122807017 4.798245614035087 57 114
1 8.711538461538462 4.674418604651163 52 86
1 0.5 4.614285714285714 41 70
1 32.37179487179487 4.932098765432099 39 81
1 22.20967741935484 4.2125 31 80
1 14.705882352941176 4.648148148148148 34 81
1 7.329268292682927 4.236263736263736 41 91
1 7.642857142857143 4.333333333333333 21 42
1 91.55555555555556 43.088235294117645 18 17
1 14.444444444444445 5.788288288288288 108 111
1 27.463636363636365 5.031914893617022 55 94
