1 34.26 6.06043956043956 50 91
1 14.03191489361702 6.222222222222222 47 72
1 11.627272727272727 6.488888888888889 55 90
1 39.416666666666664 6.8125 36 80
1 51.1551724137931 5.8561643835616435 29 73
1 30.1875 6.683333333333334 32 60
1 69.71739130434783 7.855555555555555 23 45
1 95.45 6.222222222222222 20 72
1 45.05882352941177 5.985714285714286 34 70
1 34.1764705882353 6.6911764705882355 34 68
1 56.26470588235294 8.397435897435898 17 39
1 24.5 63.75 10 8
1 37.66 6.850877192982456 25 57
1 11.992957746478874 5.770833333333333 71 144
1 5.804347826086956 5.888888888888889 46 90
1 3.5277777777777777 6.671875 36 64
