1 12.350746268656716 5.1911764705882355 67 136
1 17.14516129032258 5.915841584158416 62 101
1 0.5 5.587378640776699 45 103
1 28.948979591836736 5.175675675675675 49 74
1 42.107142857142854 5.368852459016393 28 61
1 17.637254901960784 5.325242718446602 51 103
1 1.957142857142857 5.46969696969697 70 132
1 17.633333333333333 4.895348837209302 45 86
1 4.388888888888889 5.815789473684211 36 57
1 39.66216216216216 5.942857142857143 37 70
1 32.621212121212125 5.253846153846154 33 65
1 17.73076923076923 6.670212765957447 26 47
1 28.035714285714285 5.666666666666667 28 72
1 15.275 5.193333333333333 40 75
1 9.227272727272727 5.580459770114943 33 87
1 26.142857142857142 7.790322580645161 14 31
1 88.63333333333334 39.833333333333336 15 15
1 1.2954545454545454 5.2 44 70
1 1.4736842105263157 6.480952380952381 76 105
1 12.1375 5.9655172413793105 80 116
1 30.214285714285715 5.933734939759036 49 83
