1 10.758064516129032 4.6381578947368425 93 152
1 18.78205128205128 5.433333333333334 39 105
1 26.294871794871796 4.344444444444444 39 90
1 10.222222222222221 4.4625 36 80
1 21.166666666666668 4.673076923076923 36 104
1 2.1587301587301586 5.810344827586207 126 116
1 27.61904761904762 4.48989898989899 42 99
1 5.211538461538462 4.4405940594059405 52 101
1 1.3222222222222222 4.538461538461538 45 104
1 0.5 5.21969696969697 109 132
1 28.775862068965516 44.970588235294116 29 17
1 22.97761194029851 5.267441860465116 67 129
1 34.833333333333336 4.648514851485149 42 101
1 45.621212121212125 4.036231884057971 33 69
1 34.13636363636363 4.859375 55 128
