1 34.28 6.06043956043956 50 91
1 13.438775510204081 6.13013698630137 49 73
1 12.989795918367347 6.466666666666667 49 90
1 42.95454545454545 6.825 33 80
1 53.17857142857143 5.783783783783784 28 74
1 31.274193548387096 6.683333333333334 31 60
1 69.8913043478261 7.877777777777778 23 45
1 106.11111111111111 6.222222222222222 18 72
1 46.59090909090909 5.985714285714286 33 70
1 34.294117647058826 6.6911764705882355 34 68
1 60.0625 8.397435897435898 16 39
1 24.3 63.875 10 8
1 36.42307692307692 6.982142857142857 26 56
1 11.513513513513514 5.756944444444445 74 144
1 5.934782608695652 5.829670329670329 46 91
1 3.7432432432432434 6.6875 37 64
