1 9.038461538461538 4.436416184971098 104 173
1 28.28787878787879 4.213114754098361 33 122
1 19.68 3.6954887218045114 50 133
1 29.045454545454547 4.23943661971831 44 142
1 63.43333333333333 3.4603960396039604 30 101
1 59.39655172413793 3.5123456790123457 29 81
1 31.540816326530614 5.246987951807229 49 83
1 34.98780487804878 4.157894736842105 41 114
1 38.01724137931034 3.895348837209302 29 86
1 44.90909090909091 3.94 22 75
1 32.33870967741935 4.004854368932039 31 103
1 35.166666666666664 3.710526315789474 27 76
1 41.06521739130435 4.394736842105263 23 57
1 17.458333333333332 3.9556962025316458 48 79
1 17.18421052631579 3.626315789473684 38 95
1 9.25 3.68348623853211 28 109
1 7.769230769230769 3.9827586206896552 26 58
1 80.25 49.5 12 11
