1 13.115384615384615 5.4465648854961835 65 131
1 15.735294117647058 5.735849056603773 68 106
1 1.1346153846153846 5.385714285714286 52 105
1 38.76315789473684 5.359154929577465 38 71
1 37.89393939393939 5.875 33 56
1 18.54 5.411764705882353 50 102
1 2.2971014492753623 5.65748031496063 69 127
1 19.363636363636363 4.829411764705882 44 85
1 9.7 5.482758620689655 25 58
1 35.45348837209303 5.666666666666667 43 72
1 31.175675675675677 5.069230769230769 37 65
1 20.425925925925927 6.7444444444444445 27 45
1 24.385714285714286 5.714285714285714 35 70
1 18.256756756756758 5.277777777777778 37 72
1 7.173469387755102 5.275280898876405 49 89
1 34.03846153846154 7.21875 13 32
1 109.75 52.86363636363637 12 11
1 3.2948717948717947 5.318181818181818 39 66
1 3.0671641791044775 6.3 67 105
1 12.85064935064935 6.092920353982301 77 113
1 38.9 6.1923076923076925 40 78
