1 34.041666666666664 5.838842975206612 48 121
1 28.480392156862745 5.74 51 100
1 1.84375 5.838028169014085 32 71
1 11.551282051282051 6.27906976744186 39 86
1 42.73076923076923 5.8125 39 96
1 12.708333333333334 5.972222222222222 72 108
1 52.12068965517241 6.071428571428571 29 70
1 37.13636363636363 6.537735849056604 22 53
1 56.5 7.1521739130434785 25 46
1 49.3125 5.565789473684211 32 76
1 51.107142857142854 5.640845070422535 28 71
1 30.14516129032258 5.7727272727272725 31 77
1 61.029411764705884 7.337837837837838 17 37
1 34.80769230769231 26.5 13 12
1 35.13636363636363 6.281818181818182 22 55
1 10.369565217391305 5.781481481481482 69 135
1 7.961538461538462 5.582474226804123 39 97
1 4.537037037037037 5.887096774193548 27 62
1 23.364864864864863 5.744094488188976 74 127
