1 21.622448979591837 4.705673758865248 49 141
1 14.881818181818181 5.470588235294118 55 102
1 31.394736842105264 4.534883720930233 38 86
1 16.833333333333332 4.423076923076923 33 78
1 26.614285714285714 4.822916666666667 35 96
1 6.796296296296297 5.788288288288288 81 111
1 7.095238095238095 4.702127659574468 42 94
1 34.78947368421053 4.614583333333333 38 96
1 11.267441860465116 4.510416666666667 43 96
1 6.523809523809524 4.5495049504950495 42 101
1 6.0 5.6875 94 112
1 29.394736842105264 38.111111111111114 19 18
1 1.9918032786885247 4.638613861386139 61 101
1 27.0 5.072519083969466 58 131
1 29.24074074074074 4.927083333333333 54 96
1 57.1551724137931 3.880281690140845 29 71
