1 11.848837209302326 4.619205298013245 86 151
1 12.982758620689655 5.881443298969073 58 97
1 27.371794871794872 4.322222222222222 39 90
1 12.43939393939394 4.327160493827161 33 81
1 22.957142857142856 4.655339805825243 35 103
1 3.734042553191489 5.7956521739130435 94 115
1 2.364864864864865 6.18 37 75
1 28.595238095238095 4.459595959595959 42 99
1 6.066037735849057 4.42 53 100
1 2.2083333333333335 4.529126213592233 48 103
1 1.5458715596330275 5.022388059701493 109 134
1 27.5 43.5 27 18
1 25.401639344262296 5.25968992248062 61 129
1 34.0 4.638613861386139 44 101
1 45.38235294117647 3.9782608695652173 34 69
1 63.46666666666667 4.8515625 30 128
