1 13.08974358974359 6.846938775510204 78 98
1 17.016666666666666 5.76595744680851 60 94
1 3.4375 4.583333333333333 48 96
1 13.383720930232558 5.590909090909091 43 99
1 37.04545454545455 4.723529411764706 44 85
1 46.233333333333334 4.857142857142857 30 70
1 22.846938775510203 5.264705882352941 49 102
1 19.872093023255815 5.391089108910891 43 101
1 23.071428571428573 4.684782608695652 42 92
1 23.1 5.053846153846154 25 65
1 33.3235294117647 4.954545454545454 51 88
1 37.77272727272727 4.666666666666667 33 78
1 18.821428571428573 5.5476190476190474 28 63
1 29.125 4.726190476190476 32 84
1 18.61627906976744 4.853658536585366 43 82
1 8.863636363636363 10.016129032258064 66 62
1 54.19230769230769 5.743243243243243 13 37
1 55.92857142857143 27.852941176470587 21 17
1 6.761904761904762 4.71978021978022 42 91
1 9.173076923076923 5.994845360824742 52 97
1 6.946808510638298 5.166666666666667 47 96
1 19.568493150684933 7.3901098901098905 73 91
1 27.084615384615386 5.408163265306122 65 98
