1 10.595744680851064 4.6381578947368425 94 152
1 19.635135135135137 5.206422018348624 37 109
1 26.064102564102566 4.355555555555555 39 90
1 9.662162162162161 4.475 37 80
1 20.31081081081081 4.803921568627451 37 102
1 2.0785123966942147 5.728813559322034 121 118
1 27.38095238095238 4.5 42 99
1 4.833333333333333 4.5 54 100
1 1.2073170731707317 4.548076923076923 41 104
1 30.879310344827587 43.970588235294116 29 17
1 22.58823529411765 5.275193798449612 68 129
1 34.61904761904762 4.658415841584159 42 101
1 46.75 4.050724637681159 32 69
1 33.93636363636364 4.8671875 55 128
