1 23.177966101694917 5.216666666666667 59 120
1 16.06896551724138 5.21875 58 96
1 0.5 4.041984732824427 23 131
1 11.76086956521739 4.643939393939394 46 132
1 42.91025641025641 4.117021276595745 39 94
1 40.53703703703704 4.358974358974359 27 78
1 37.445945945945944 4.659574468085107 37 94
1 13.791139240506329 11.558823529411764 79 51
1 17.77659574468085 4.59 47 100
1 13.633333333333333 4.62 30 75
1 53.1 4.63 35 100
1 30.02777777777778 4.328282828282828 36 99
1 21.81578947368421 6.166666666666667 38 72
1 10.54 5.1103896103896105 25 77
1 13.06140350877193 4.649122807017544 57 114
1 12.976190476190476 4.9186046511627906 21 43
1 74.5909090909091 49.5 11 12
1 12.870967741935484 4.9526315789473685 62 95
1 6.940677966101695 5.011450381679389 59 131
1 0.5 4.490990990990991 33 111
1 30.114035087719298 5.142857142857143 57 126
1 32.46491228070175 4.887755102040816 57 98
