1 12.659574468085106 4.6603053435114505 94 131
1 18.136363636363637 5.1020408163265305 44 98
1 10.666666666666666 4.346715328467154 54 137
1 38.96511627906977 3.6530612244897958 43 98
1 28.0 3.8132530120481927 38 83
1 21.30952380952381 4.29 63 100
1 15.568493150684931 10.736363636363636 73 55
1 18.5 3.8636363636363638 42 110
1 12.46551724137931 3.95679012345679 29 81
1 29.596774193548388 4.079439252336448 62 107
1 19.785714285714285 3.7685185185185186 56 108
1 18.113636363636363 5.2594936708860756 44 79
1 5.403225806451613 4.4753086419753085 31 81
1 6.6911764705882355 3.8629032258064515 68 124
1 8.166666666666666 3.8404255319148937 24 47
1 49.56666666666667 45.714285714285715 15 14
1 15.673076923076923 4.270642201834862 52 109
1 2.0625 4.676056338028169 80 142
1 21.985714285714284 5.612068965517241 70 116
1 33.5 4.4904761904761905 52 105
