1 14.272727272727273 6.247663551401869 66 107
1 20.724137931034484 7.136363636363637 58 77
1 2.4791666666666665 5.703883495145631 48 103
1 33.32608695652174 5.902777777777778 46 72
1 44.17857142857143 5.729508196721311 28 61
1 23.84090909090909 6.0227272727272725 44 88
1 6.361111111111111 5.2846153846153845 72 130
1 16.01851851851852 5.4411764705882355 54 85
1 5.794117647058823 5.795081967213115 34 61
1 39.55263157894737 5.2011494252873565 38 87
1 27.32051282051282 5.14 39 75
1 14.076923076923077 5.9655172413793105 26 58
1 21.555555555555557 5.538461538461538 36 78
1 14.958333333333334 5.726666666666667 48 75
1 6.732876712328767 6.5 73 82
1 19.0 6.944444444444445 22 36
1 63.1875 15.966666666666667 16 15
1 2.9814814814814814 6.333333333333333 54 66
1 3.619047619047619 6.38785046728972 84 107
1 20.246031746031747 5.356060606060606 63 132
1 24.407692307692308 5.9222222222222225 65 90
