1 12.5 5.726890756302521 70 119
1 18.822580645161292 7.006172839506172 62 81
1 37.94736842105263 5.5675675675675675 38 74
1 44.26923076923077 5.631147540983607 26 61
1 22.03488372093023 5.928571428571429 43 91
1 3.5526315789473686 5.334586466165414 76 133
1 18.290697674418606 5.548192771084337 43 83
1 3.0384615384615383 5.725806451612903 26 62
1 37.39473684210526 5.58641975308642 38 81
1 33.1 5.316901408450704 30 71
1 11.23076923076923 6.245454545454545 26 55
1 24.224137931034484 5.253086419753086 29 81
1 18.205882352941178 5.32051282051282 34 78
1 5.3059701492537314 5.456989247311828 67 93
1 16.026315789473685 7.0 19 36
1 62.921052631578945 21.444444444444443 19 18
1 0.7391304347826086 5.583333333333333 46 72
1 1.283132530120482 6.143478260869565 83 115
1 20.645454545454545 5.523076923076923 55 130
1 31.630434782608695 5.373684210526315 46 95
