1 42.984848484848484 5.774725274725275 33 91
1 10.566666666666666 6.073333333333333 60 75
1 11.582191780821917 6.67 73 100
1 37.180851063829785 5.604651162790698 47 86
1 29.988888888888887 5.659574468085107 45 94
1 31.7 5.623287671232877 40 73
1 24.71875 6.921052631578948 32 57
1 47.91379310344828 6.887755102040816 29 49
1 55.8448275862069 5.58 29 75
1 38.983870967741936 5.714285714285714 31 70
1 19.666666666666668 5.5125 36 80
1 34.60526315789474 7.0227272727272725 19 44
1 58.0 61.0 10 8
1 13.85897435897436 7.008771929824562 39 57
1 9.064102564102564 6.492592592592593 78 135
