1 7.964 5.027777777777778 125 144
1 15.152173913043478 4.805785123966942 46 121
1 23.884615384615383 4.455555555555556 39 90
1 5.913043478260869 4.548780487804878 46 82
1 19.47142857142857 5.285714285714286 35 98
1 1.680327868852459 4.666666666666667 61 144
1 25.595238095238095 4.5606060606060606 42 99
1 2.5 4.702020202020202 64 99
1 45.785714285714285 50.214285714285715 28 14
1 17.0 6.366071428571429 90 112
1 34.675 4.509433962264151 40 106
1 44.96875 4.114285714285714 32 70
1 37.819148936170215 4.633333333333334 47 135
