1 33.30952380952381 6.077586206896552 42 116
1 30.727272727272727 5.5095238095238095 44 105
1 10.551282051282051 5.398989898989899 39 99
1 82.19565217391305 5.546153846153846 23 65
1 33.31818181818182 5.58 44 100
1 11.555555555555555 5.22093023255814 54 129
1 47.43103448275862 5.067901234567901 29 81
1 34.595238095238095 5.9363636363636365 21 55
1 62.107142857142854 5.350746268656716 28 67
1 47.15384615384615 6.739130434782608 26 46
1 46.596774193548384 5.421052631578948 31 76
1 47.27777777777778 5.347222222222222 27 72
1 23.442857142857143 5.283132530120482 35 83
1 55.794117647058826 6.743243243243243 17 37
1 28.630434782608695 28.227272727272727 23 22
1 24.203703703703702 5.775862068965517 27 58
1 12.074074074074074 4.92962962962963 54 135
1 5.395833333333333 5.071428571428571 48 105
1 1.3666666666666667 5.4523809523809526 30 63
1 23.28688524590164 5.73015873015873 61 126
