1 42.22727272727273 5.314432989690721 33 97
1 15.036585365853659 5.625 41 80
1 13.369565217391305 6.112612612612613 69 111
1 42.451219512195124 5.076086956521739 41 92
1 38.75714285714286 5.790322580645161 35 93
1 30.337209302325583 5.708333333333333 43 72
1 20.621951219512194 6.4 41 60
1 40.128571428571426 7.195652173913044 35 46
1 52.86666666666667 5.166666666666667 30 78
1 36.13636363636363 5.294520547945205 33 73
1 20.3125 5.283132530120482 32 83
1 25.54 7.166666666666667 25 42
1 56.6 55.833333333333336 10 9
1 11.725 5.984375 40 64
1 8.902597402597403 7.272357723577236 77 123
