1 34.89473684210526 4.45575221238938 38 113
1 7.62987012987013 4.921052631578948 77 95
1 13.775 4.821428571428571 80 140
1 46.28947368421053 4.333333333333333 38 102
1 27.01923076923077 4.735849056603773 52 106
1 24.70689655172414 4.348837209302325 58 86
1 25.805555555555557 4.418918918918919 36 74
1 31.008474576271187 4.259615384615385 59 104
1 31.166666666666668 3.9 60 80
1 39.55555555555556 4.724137931034483 36 58
1 39.310810810810814 4.069767441860465 37 86
1 31.705882352941178 3.8707865168539324 34 89
1 9.711538461538462 4.183168316831683 52 101
1 21.791666666666668 4.390909090909091 24 55
1 36.19230769230769 46.0 13 12
1 7.078947368421052 4.150602409638554 38 83
1 6.133333333333334 14.604477611940299 60 67
