1 13.038461538461538 6.816326530612245 78 98
1 17.550847457627118 5.614583333333333 59 96
1 3.4607843137254903 4.5625 51 96
1 14.047619047619047 5.72680412371134 42 97
1 35.67391304347826 4.809523809523809 46 84
1 46.766666666666666 4.857142857142857 30 70
1 22.147058823529413 5.254901960784314 51 102
1 20.03488372093023 5.5 43 99
1 22.318181818181817 4.695652173913044 44 92
1 23.66 5.069230769230769 25 65
1 31.685185185185187 4.9772727272727275 54 88
1 39.46875 4.67948717948718 32 78
1 19.464285714285715 5.596774193548387 28 62
1 29.59375 4.738095238095238 32 84
1 19.38095238095238 4.789156626506024 42 83
1 10.327586206896552 9.674603174603174 58 63
1 55.34615384615385 5.797297297297297 13 37
1 54.11904761904762 26.852941176470587 21 17
1 6.795454545454546 4.708791208791209 44 91
1 9.166666666666666 6.110526315789474 54 95
1 7.788888888888889 5.15625 45 96
1 19.06 7.455555555555556 75 90
1 27.176923076923078 5.438775510204081 65 98
