1 24.839622641509433 5.468 53 125
1 12.5 4.992424242424242 57 132
1 25.271428571428572 4.511494252873563 35 87
1 9.15625 4.837662337662338 32 77
1 15.931818181818182 4.842342342342342 44 111
1 0.7285714285714285 4.809352517985611 70 139
1 0.5909090909090909 4.59 33 100
1 24.605263157894736 5.178571428571429 38 84
1 4.46875 4.82183908045977 32 87
1 1.7884615384615385 5.050561797752809 52 89
1 96.20588235294117 47.970588235294116 17 17
1 28.607142857142858 6.166666666666667 56 108
1 28.03191489361702 5.121052631578947 47 95
1 51.189655172413794 4.53030303030303 29 66
1 38.180851063829785 5.239837398373984 47 123
