1 12.8875 4.6 80 150
1 10.5 6.102150537634409 73 93
1 27.91025641025641 4.3 39 90
1 13.5 4.277777777777778 32 81
1 23.557142857142857 4.737623762376238 35 101
1 6.733333333333333 5.645299145299146 60 117
1 3.357142857142857 8.357142857142858 35 56
1 29.095238095238095 4.44949494949495 42 99
1 6.425925925925926 4.4393939393939394 54 99
1 2.847826086956522 4.490291262135922 46 103
1 3.024390243902439 5.0227272727272725 82 132
1 28.291666666666668 42.666666666666664 24 18
1 27.271929824561404 5.251937984496124 57 129
1 33.58888888888889 4.628712871287129 45 101
1 45.94117647058823 3.949275362318841 34 69
