1 58.97826086956522 4.990196078431373 23 102
1 12.909090909090908 5.207865168539326 44 89
1 13.713333333333333 5.04074074074074 75 135
1 49.98571428571429 4.612244897959184 35 98
1 29.869565217391305 4.780373831775701 46 107
1 30.27777777777778 5.031645569620253 45 79
1 21.841463414634145 5.76984126984127 41 63
1 48.810344827586206 5.650943396226415 29 53
1 50.7 4.416666666666667 30 84
1 31.555555555555557 4.462962962962963 36 81
1 12.613636363636363 5.7894736842105265 44 76
1 25.282608695652176 5.583333333333333 23 48
1 53.2 54.0 10 10
1 10.441176470588236 4.603896103896104 34 77
1 7.793333333333333 9.97872340425532 75 94
