1 17.3 5.380952380952381 80 126
1 9.5 5.1525423728813555 82 118
1 24.761904761904763 4.926666666666667 42 75
1 18.264705882352942 4.162337662337662 34 77
1 12.084615384615384 4.90566037735849 65 106
1 5.796296296296297 5.157894736842105 54 114
1 5.5588235294117645 4.467741935483871 51 93
1 24.03191489361702 4.626436781609195 47 87
1 14.954545454545455 4.283132530120482 33 83
1 8.85 4.420454545454546 40 88
1 2.24468085106383 4.382978723404255 47 94
1 91.16666666666667 44.55882352941177 18 17
1 27.127118644067796 6.105504587155964 59 109
1 25.026315789473685 4.860824742268041 57 97
1 41.97727272727273 4.253846153846154 44 65
1 54.32857142857143 5.6640625 35 128
