1 11.534090909090908 4.639072847682119 88 151
1 14.384615384615385 5.836734693877551 52 98
1 27.08974358974359 4.322222222222222 39 90
1 11.764705882352942 4.4125 34 80
1 22.642857142857142 4.566666666666666 35 105
1 3.064814814814815 5.8130434782608695 108 115
1 1.894736842105263 5.41764705882353 38 85
1 28.357142857142858 4.46969696969697 42 99
1 5.923076923076923 4.44 52 100
1 1.9375 4.548543689320389 48 103
1 1.15 5.011111111111111 120 135
1 27.428571428571427 43.77777777777778 28 18
1 24.951612903225808 5.25968992248062 62 129
1 34.593023255813954 4.638613861386139 43 101
1 45.088235294117645 3.9927536231884058 34 69
1 63.46666666666667 4.8515625 30 128
