1 13.807692307692308 5.676470588235294 65 119
1 18.20769230769231 7.0125 65 80
1 0.5 6.310526315789474 24 95
1 30.75 6.181159420289855 48 69
1 37.82258064516129 5.766666666666667 31 60
1 25.63157894736842 6.370588235294117 38 85
1 3.769662921348315 5.325757575757576 89 132
1 16.520408163265305 5.5 49 84
1 3.15625 5.709677419354839 32 62
1 37.94736842105263 5.14367816091954 38 87
1 26.68421052631579 5.601449275362318 38 69
1 11.576923076923077 5.913793103448276 26 58
1 21.803030303030305 5.436708860759493 33 79
1 14.23913043478261 6.035211267605634 46 71
1 6.325396825396825 5.814606741573034 63 89
1 20.5625 7.0 16 36
1 65.32352941176471 18.441176470588236 17 17
1 1.372340425531915 5.666666666666667 47 72
1 1.7772277227722773 6.788461538461538 101 104
1 17.738805970149254 5.50763358778626 67 131
1 34.68604651162791 5.364583333333333 43 96
