1 8.557377049180328 5.0174825174825175 122 143
1 14.724489795918368 5.059322033898305 49 118
1 26.242857142857144 4.744186046511628 35 86
1 6.353658536585366 4.7375 41 80
1 19.7 4.790909090909091 35 110
1 1.1176470588235294 4.701388888888889 68 144
1 26.125 4.897849462365591 40 93
1 2.1842105263157894 4.641414141414141 57 99
1 103.16666666666667 51.785714285714285 15 14
1 23.21641791044776 4.919117647058823 67 136
1 34.4 4.537735849056604 40 106
1 40.871428571428574 4.297101449275362 35 69
1 24.87142857142857 4.820610687022901 70 131
