1 18.30701754385965 5.817757009345795 57 107
1 23.916666666666668 5.909090909090909 48 88
1 4.805555555555555 4.8 36 90
1 17.416666666666668 7.7105263157894735 36 76
1 36.73913043478261 5.1375 46 80
1 59.22 5.2272727272727275 25 66
1 24.29591836734694 5.520833333333333 49 96
1 20.313953488372093 5.4405940594059405 43 101
1 24.290697674418606 4.96067415730337 43 89
1 30.452380952380953 5.306451612903226 21 62
1 40.872093023255815 5.0 43 88
1 36.44444444444444 4.639240506329114 36 79
1 27.67391304347826 5.5 23 62
1 32.693548387096776 4.926829268292683 31 82
1 24.444444444444443 4.765060240963855 36 83
1 7.209302325581396 6.056818181818182 86 88
1 43.27777777777778 5.95945945945946 18 37
1 39.785714285714285 24.61111111111111 21 18
1 8.613636363636363 5.253086419753086 44 81
1 13.122222222222222 7.006024096385542 45 83
1 10.166666666666666 5.321052631578947 48 95
1 25.839285714285715 7.236263736263736 56 91
1 41.872093023255815 5.282178217821782 43 101
