1 43.196969696969695 5.618279569892473 33 93
1 9.96031746031746 6.148648648648648 63 74
1 11.06 6.785714285714286 75 98
1 37.93478260869565 5.522988505747127 46 87
1 31.290697674418606 5.510416666666667 43 96
1 38.28787878787879 5.636986301369863 33 73
1 21.12162162162162 7.089285714285714 37 56
1 49.5 6.74 28 50
1 56.05172413793103 5.593333333333334 29 75
1 32.770270270270274 5.742857142857143 37 70
1 18.44871794871795 5.759740259740259 39 77
1 32.9 7.428571428571429 20 42
1 58.3 60.625 10 8
1 12.568181818181818 7.06140350877193 44 57
1 8.8875 6.492592592592593 80 135
