1 16.234375 4.720689655172414 64 145
1 11.119718309859154 6.037634408602151 71 93
1 34.43939393939394 4.3977272727272725 33 88
1 14.681818181818182 4.170731707317073 33 82
1 24.9 4.68 35 100
1 8.086206896551724 5.7368421052631575 58 114
1 4.411111111111111 6.514285714285714 45 70
1 33.31578947368421 4.530927835051546 38 97
1 8.16 4.438775510204081 50 98
1 4.217391304347826 4.461165048543689 46 103
1 4.9125 5.0625 80 128
1 26.136363636363637 40.22222222222222 22 18
1 22.314285714285713 5.311023622047244 70 127
1 37.59756097560975 4.599009900990099 41 101
1 50.125 3.8857142857142857 32 70
