1 9.815217391304348 5.586614173228346 92 127
1 12.044444444444444 6.287878787878788 90 99
1 3.227272727272727 5.226415094339623 44 106
1 33.41489361702128 5.442857142857143 47 70
1 28.75531914893617 5.972727272727273 47 55
1 15.161538461538461 5.90625 65 96
1 2.103960396039604 5.594488188976378 101 127
1 23.134146341463413 4.909638554216867 41 83
1 18.657894736842106 5.627272727272727 19 55
1 26.516393442622952 5.978260869565218 61 69
1 44.92857142857143 5.5 28 60
1 24.071428571428573 6.681818181818182 28 44
1 29.96875 5.8088235294117645 32 68
1 16.82608695652174 4.945945945945946 46 74
1 7.925925925925926 5.1477272727272725 54 88
1 28.81578947368421 6.742424242424242 19 33
1 100.5 40.5 13 15
1 5.825 5.388888888888889 40 63
1 7.975 5.579646017699115 40 113
1 11.568181818181818 6.481481481481482 88 108
1 39.95238095238095 6.652777777777778 42 72
