1 13.635802469135802 4.746153846153846 81 130
1 14.201754385964913 4.205882352941177 57 119
1 11.234375 4.416666666666667 64 132
1 30.69298245614035 3.5606060606060606 57 99
1 34.875 3.9358974358974357 32 78
1 28.1 4.3316831683168315 50 101
1 13.543478260869565 9.598360655737705 92 61
1 31.153846153846153 8.826530612244898 26 49
1 10.884615384615385 3.9430379746835444 39 79
1 30.12295081967213 4.1923076923076925 61 104
1 20.81578947368421 4.118556701030927 57 97
1 18.24468085106383 3.985148514851485 47 101
1 5.9411764705882355 4.526315789473684 34 76
1 6.1440677966101696 4.077586206896552 59 116
1 14.0 3.4791666666666665 18 48
1 41.973684210526315 47.785714285714285 19 14
1 13.290322580645162 3.9363636363636365 62 110
1 1.46875 4.218954248366013 64 153
1 27.25925925925926 5.28125 54 128
1 32.611111111111114 4.426605504587156 54 109
