1 15.039473684210526 4.590225563909774 76 133
1 15.683673469387756 4.766666666666667 49 105
1 10.814814814814815 4.361313868613139 54 137
1 33.98979591836735 3.49009900990099 49 101
1 31.954545454545453 4.006329113924051 33 79
1 35.1578947368421 4.121359223300971 38 103
1 15.364864864864865 9.75 74 60
1 21.728571428571428 3.8981481481481484 35 108
1 9.694444444444445 3.919753086419753 36 81
1 31.20689655172414 4.0 58 108
1 24.566666666666666 3.6944444444444446 45 108
1 17.522222222222222 4.278947368421052 45 95
1 4.532258064516129 4.3765432098765435 31 81
1 5.8768115942028984 3.8739837398373984 69 123
1 7.954545454545454 3.625 22 48
1 48.43333333333333 46.42857142857143 15 14
1 13.689655172413794 4.386792452830188 58 106
1 1.6818181818181819 4.472972972972973 66 148
1 18.24390243902439 5.201612903225806 82 124
1 30.875 4.254545454545455 56 110
