1 14.273333333333333 4.8023255813953485 75 129
1 14.64 4.327586206896552 50 116
1 10.962962962962964 4.273722627737226 54 137
1 37.84090909090909 3.561224489795918 44 98
1 25.329268292682926 3.5588235294117645 41 85
1 22.3135593220339 4.105769230769231 59 104
1 14.85064935064935 8.818181818181818 77 66
1 17.79268292682927 4.976744186046512 41 86
1 11.224137931034482 3.7560975609756095 29 82
1 36.854166666666664 4.0327102803738315 48 107
1 22.520408163265305 3.985148514851485 49 101
1 19.653846153846153 4.1875 39 96
1 3.2419354838709675 4.253086419753086 31 81
1 5.368852459016393 4.029411764705882 61 119
1 6.928571428571429 3.357142857142857 21 49
1 47.166666666666664 47.357142857142854 15 14
1 12.6 3.9642857142857144 60 112
1 0.5 4.659722222222222 88 144
1 20.970588235294116 5.369918699186992 68 123
1 26.4375 4.078947368421052 64 114
