1 13.340909090909092 4.628787878787879 88 132
1 17.130434782608695 4.955445544554456 46 101
1 10.722222222222221 4.354014598540146 54 137
1 37.144444444444446 3.601010101010101 45 99
1 29.444444444444443 3.8536585365853657 36 82
1 24.814814814814813 4.232673267326732 54 101
1 15.568493150684931 10.307017543859649 73 57
1 19.275 3.885321100917431 40 109
1 11.53225806451613 3.9444444444444446 31 81
1 29.942622950819672 4.0607476635514015 61 107
1 21.28846153846154 3.740740740740741 52 108
1 18.045454545454547 4.916666666666667 44 84
1 5.112903225806452 4.438271604938271 31 81
1 6.455882352941177 3.8548387096774195 68 124
1 8.195652173913043 3.797872340425532 23 47
1 49.166666666666664 45.92857142857143 15 14
1 14.962962962962964 4.350467289719626 54 107
1 1.9342105263157894 4.604166666666667 76 144
1 20.326666666666668 5.5 75 118
1 32.783018867924525 4.38785046728972 53 107
