1 34.65555555555556 5.945652173913044 45 92
1 6.890243902439025 6.052238805970149 41 67
1 12.383720930232558 8.106060606060606 43 66
1 43.825581395348834 6.02808988764045 43 89
1 41.535714285714285 7.04320987654321 28 81
1 68.95833333333333 5.880281690140845 24 71
1 43.0 6.303571428571429 22 56
1 69.93478260869566 7.590909090909091 23 44
1 52.984848484848484 6.279411764705882 33 68
1 56.67857142857143 6.075757575757576 28 66
1 39.5 7.112903225806452 27 62
1 78.14285714285714 8.271428571428572 14 35
1 31.8 29.6 10 10
1 43.976190476190474 6.673076923076923 21 52
1 13.956140350877194 5.382758620689655 57 145
1 7.363636363636363 5.489583333333333 44 96
1 8.285714285714286 5.485294117647059 28 68
