1 10.841463414634147 5.5546875 82 128
1 13.006024096385541 6.0588235294117645 83 102
1 2.2547169811320753 5.3 53 105
1 34.32222222222222 5.442857142857143 45 70
1 30.825581395348838 5.972727272727273 43 55
1 16.166666666666668 5.73469387755102 60 98
1 2.230337078651685 5.5546875 89 128
1 21.453488372093023 4.845238095238095 43 84
1 15.547619047619047 5.447368421052632 21 57
1 28.954545454545453 5.857142857142857 55 70
1 38.5 5.401639344262295 32 61
1 23.0 6.75 28 44
1 26.642857142857142 5.717391304347826 35 69
1 17.38372093023256 5.061643835616438 43 73
1 7.865384615384615 5.193181818181818 52 88
1 30.676470588235293 6.7727272727272725 17 33
1 100.65384615384616 42.785714285714285 13 14
1 5.036585365853658 5.328125 41 64
1 5.989795918367347 5.8090909090909095 49 110
1 11.614942528735632 6.318181818181818 87 110
1 41.225 6.666666666666667 40 72
