1 21.919354838709676 5.153846153846154 62 130
1 9.241176470588234 5.076271186440678 85 118
1 23.26086956521739 4.815789473684211 46 76
1 17.628205128205128 4.206666666666667 39 75
1 15.037037037037036 4.886792452830188 54 106
1 6.228813559322034 5.092920353982301 59 113
1 7.24468085106383 4.340425531914893 47 94
1 24.354166666666668 4.591954022988506 48 87
1 15.121621621621621 4.327160493827161 37 81
1 8.695652173913043 4.408045977011494 46 87
1 3.5625 4.349462365591398 48 93
1 0.5 4.809523809523809 21 42
1 91.61111111111111 46.14705882352941 18 17
1 20.907894736842106 6.182242990654205 76 107
1 30.25 5.015789473684211 48 95
1 46.28048780487805 4.2384615384615385 41 65
1 68.0 19.34090909090909 28 44
