1 12.69277108433735 5.774193548387097 83 124
1 13.714285714285714 6.009615384615385 84 104
1 5.735294117647059 5.221153846153846 51 104
1 35.68 5.097402597402597 50 77
1 42.74324324324324 5.403225806451613 37 62
1 15.135135135135135 6.589887640449438 74 89
1 4.595890410958904 5.377862595419847 73 131
1 24.304347826086957 5.2594936708860756 46 79
1 22.708333333333332 5.517857142857143 24 56
1 41.81818181818182 5.62 44 75
1 34.69047619047619 5.7 42 60
1 30.166666666666668 6.566666666666666 30 45
1 32.666666666666664 5.1103896103896105 36 77
1 25.115384615384617 5.274647887323944 39 71
1 13.386363636363637 5.451807228915663 44 83
1 57.26923076923077 8.357142857142858 13 28
1 70.05555555555556 44.3 18 15
1 13.15625 5.737288135593221 32 59
1 8.672413793103448 5.7792792792792795 58 111
1 1.228813559322034 5.056603773584905 59 106
1 14.2875 6.349557522123894 80 113
1 58.8125 7.268115942028985 32 69
