1 61.5 4.884615384615385 22 104
1 12.26086956521739 5.230337078651686 46 89
1 13.986486486486486 4.95985401459854 74 137
1 54.6875 4.6020408163265305 32 98
1 28.071428571428573 4.712962962962963 49 108
1 28.479166666666668 5.018987341772152 48 79
1 21.890243902439025 5.65625 41 64
1 45.693548387096776 5.632075471698113 31 53
1 50.53333333333333 4.404761904761905 30 84
1 30.58108108108108 4.390243902439025 37 82
1 12.21111111111111 5.190476190476191 45 84
1 26.181818181818183 5.3979591836734695 22 49
1 52.8 54.2 10 10
1 10.235294117647058 4.436708860759493 34 79
1 7.673333333333333 10.228260869565217 75 92
