1 24.11111111111111 5.444444444444445 54 126
1 12.110169491525424 5.0 59 132
1 26.681818181818183 4.545977011494253 33 87
1 9.14516129032258 4.876623376623376 31 77
1 15.522222222222222 4.86036036036036 45 111
1 0.6066666666666667 4.8 75 140
1 25.175675675675677 5.271084337349397 37 83
1 4.274193548387097 4.867816091954023 31 87
1 1.5 5.044444444444444 57 90
1 96.38235294117646 48.029411764705884 17 17
1 30.349056603773583 6.185185185185185 53 108
1 31.333333333333332 5.1421052631578945 42 95
1 49.1 4.5606060606060606 30 66
1 39.72222222222222 5.318181818181818 45 121
