1 56.666666666666664 5.1 24 100
1 13.914634146341463 5.196629213483146 41 89
1 13.292207792207792 5.174242424242424 77 132
1 47.25675675675676 4.622448979591836 37 98
1 31.227272727272727 4.9 44 105
1 31.61627906976744 5.115384615384615 43 78
1 22.325 5.887096774193548 40 62
1 52.388888888888886 5.669811320754717 27 53
1 50.86666666666667 4.440476190476191 30 84
1 32.58571428571429 4.5375 35 80
1 13.034883720930232 6.427536231884058 43 69
1 25.456521739130434 5.625 23 48
1 53.5 53.8 10 10
1 10.357142857142858 4.697368421052632 35 76
1 7.926666666666667 9.623711340206185 75 97
