1 21.595238095238095 4.7384615384615385 63 130
1 16.13157894736842 6.675 57 80
1 8.313559322033898 4.695488721804511 59 133
1 46.32857142857143 4.432584269662922 35 89
1 27.03846153846154 4.760273972602739 39 73
1 23.25862068965517 4.862637362637362 58 91
1 11.054347826086957 12.13265306122449 92 49
1 21.346153846153847 4.791666666666667 39 96
1 13.0 4.726666666666667 28 75
1 38.91304347826087 4.385714285714286 46 105
1 24.285714285714285 4.552631578947368 42 95
1 18.761904761904763 4.510309278350515 42 97
1 8.5 5.315789473684211 27 76
1 11.471428571428572 5.191588785046729 70 107
1 11.95 4.788888888888889 20 45
1 64.5 49.416666666666664 12 12
1 14.32 4.179245283018868 50 106
1 5.773972602739726 5.21875 73 128
1 23.243243243243242 5.306451612903226 74 124
1 38.0625 4.79 48 100
