1 12.285714285714286 5.691666666666666 70 120
1 18.293650793650794 6.761904761904762 63 84
1 45.75806451612903 5.328947368421052 31 76
1 51.77272727272727 5.598360655737705 22 61
1 21.15909090909091 5.647368421052631 44 95
1 3.4130434782608696 5.32089552238806 69 134
1 20.342105263157894 5.440476190476191 38 84
1 2.78 5.709677419354839 25 62
1 38.12162162162162 5.8076923076923075 37 78
1 36.46296296296296 5.246478873239437 27 71
1 11.307692307692308 6.462264150943396 26 53
1 24.051724137931036 5.158536585365853 29 82
1 20.0 5.04320987654321 30 81
1 4.882352941176471 5.372340425531915 68 94
1 14.7 7.0 20 36
1 65.76315789473684 22.973684210526315 19 19
1 0.524390243902439 5.541666666666667 41 72
1 1.0211267605633803 5.770491803278689 71 122
1 20.40740740740741 5.5310077519379846 54 129
1 27.066037735849058 5.404255319148936 53 94
