1 10.365168539325843 4.882716049382716 89 162
1 25.364864864864863 4.213114754098361 37 122
1 18.40566037735849 3.98 53 125
1 23.952830188679247 4.253521126760563 53 142
1 63.36666666666667 3.4207920792079207 30 101
1 47.5 3.55 36 80
1 28.081818181818182 4.7 55 90
1 40.58571428571429 4.363636363636363 35 110
1 32.59090909090909 3.883720930232558 33 86
1 39.18 4.02054794520548 25 73
1 17.120689655172413 4.15 58 100
1 20.26595744680851 4.578125 47 64
1 41.108695652173914 4.177966101694915 23 59
1 18.56382978723404 3.9556962025316458 47 79
1 16.973684210526315 3.6382978723404253 38 94
1 9.214285714285714 3.665137614678899 28 109
1 7.425925925925926 3.913793103448276 27 58
1 87.5 49.31818181818182 11 11
