1 10.236363636363636 5.009316770186335 110 161
1 21.347826086956523 3.996 46 125
1 10.773809523809524 4.1581196581196584 84 117
1 14.117977528089888 4.443262411347518 89 141
1 54.4375 3.3641975308641974 32 81
1 22.441176470588236 3.9653465346534653 68 101
1 17.246987951807228 8.26923076923077 83 65
1 26.875 4.0 40 84
1 19.26 4.294117647058823 50 68
1 21.377551020408163 3.878640776699029 49 103
1 20.57547169811321 4.207692307692308 53 65
1 36.648148148148145 3.9915254237288136 27 59
1 25.445945945945947 3.892405063291139 37 79
1 21.951612903225808 3.4361702127659575 31 94
1 9.464285714285714 3.5825688073394497 28 109
1 7.944444444444445 3.533333333333333 27 60
1 23.5 47.59090909090909 23 11
