1 18.66 5.60655737704918 75 122
1 10.5 5.186440677966102 74 118
1 25.036585365853657 5.013513513513513 41 74
1 21.25 4.188311688311688 28 77
1 11.426470588235293 4.90566037735849 68 106
1 7.472972972972973 5.064102564102564 37 117
1 4.572727272727272 4.489247311827957 55 93
1 25.91860465116279 4.522471910112359 43 89
1 13.0 4.319277108433735 36 83
1 9.094594594594595 4.454545454545454 37 88
1 1.5816326530612246 4.414893617021277 49 94
1 90.88888888888889 43.73529411764706 18 17
1 29.045454545454547 6.114678899082569 55 109
1 26.764150943396228 4.916666666666667 53 96
1 43.333333333333336 4.097014925373134 42 67
1 47.475 5.2481481481481485 40 135
