1 24.51851851851852 5.508064516129032 54 124
1 12.5 4.984848484848484 57 132
1 24.63888888888889 4.5 36 87
1 8.823529411764707 4.811688311688312 34 77
1 16.337209302325583 4.833333333333333 43 111
1 0.828125 4.787769784172662 64 139
1 0.5909090909090909 4.59 33 100
1 24.064102564102566 5.234939759036145 39 83
1 4.411764705882353 4.7988505747126435 34 87
1 2.074468085106383 5.02808988764045 47 89
1 96.08823529411765 47.911764705882355 17 17
1 26.65 6.0963302752293576 60 109
1 25.872549019607842 5.1 51 95
1 53.214285714285715 4.515151515151516 28 66
1 35.26470588235294 5.247967479674797 51 123
