1 18.328125 5.025 64 120
1 18.615384615384617 4.7407407407407405 52 108
1 5.233333333333333 4.47196261682243 45 107
1 22.451219512195124 4.85042735042735 41 117
1 46.243589743589745 4.188888888888889 39 90
1 41.0 4.445945945945946 30 74
1 28.53846153846154 4.571428571428571 52 98
1 17.62987012987013 9.434426229508198 77 61
1 24.73076923076923 4.436842105263158 39 95
1 22.714285714285715 4.882352941176471 28 68
1 35.65384615384615 4.420792079207921 52 101
1 26.75 4.612359550561798 48 89
1 5.684210526315789 5.028735632183908 38 87
1 25.2 4.679775280898877 40 89
1 14.0 5.333333333333333 32 66
1 11.712765957446809 4.38785046728972 47 107
1 26.18421052631579 5.023809523809524 19 42
1 52.81578947368421 46.714285714285715 19 14
1 21.1 4.636842105263158 45 95
1 4.282051282051282 4.925196850393701 78 127
1 1.25 4.517857142857143 56 112
1 21.041666666666668 5.364 72 125
1 38.97826086956522 4.921568627450981 46 102
