1 20.38 5.517857142857143 50 112
1 36.34848484848485 6.130952380952381 33 84
1 11.80952380952381 6.993975903614458 42 83
1 34.3125 5.1375 48 80
1 59.583333333333336 5.484375 24 64
1 20.879310344827587 5.682795698924731 58 93
1 22.62121212121212 5.196428571428571 33 112
1 22.18888888888889 5.404761904761905 45 84
1 20.7 5.5 25 62
1 40.23809523809524 5.189655172413793 42 87
1 35.214285714285715 5.0 35 76
1 20.362068965517242 6.931372549019608 29 51
1 32.810344827586206 5.2375 29 80
1 26.71875 4.7976190476190474 32 84
1 7.378378378378378 5.721052631578948 74 95
1 38.611111111111114 6.757142857142857 18 35
1 35.76315789473684 21.5 19 17
1 8.85 5.358974358974359 40 78
1 12.19047619047619 5.797029702970297 42 101
1 8.424528301886792 5.138888888888889 53 108
1 25.640350877192983 5.57563025210084 57 119
1 44.80769230769231 5.321782178217822 39 101
