1 10.69548872180451 4.364130434782608 133 184
1 21.44 3.8858267716535435 50 127
1 9.782352941176471 3.9827586206896552 85 116
1 13.58695652173913 4.564285714285714 92 140
1 35.98076923076923 3.130952380952381 52 84
1 31.14 3.8365384615384617 50 104
1 20.795774647887324 4.425925925925926 71 108
1 35.029411764705884 3.304123711340206 34 97
1 24.32051282051282 3.78 39 75
1 17.543478260869566 4.146464646464646 69 99
1 22.69298245614035 3.6095890410958904 57 73
1 46.583333333333336 3.5793650793650795 24 63
1 27.03846153846154 3.808641975308642 39 81
1 21.47222222222222 3.2628865979381443 36 97
1 5.293103448275862 3.8106796116504853 58 103
1 9.714285714285714 3.4166666666666665 28 60
1 23.884615384615383 42.666666666666664 13 12
