1 39.976190476190474 6.306818181818182 42 88
1 10.444444444444445 6.413043478260869 54 69
1 12.565217391304348 7.0375 46 80
1 26.78 6.660493827160494 50 81
1 62.22 6.214285714285714 25 70
1 38.11538461538461 6.885964912280702 26 57
1 62.57692307692308 9.26923076923077 26 39
1 45.646341463414636 6.385714285714286 41 70
1 63.18 6.161764705882353 25 68
1 36.59375 6.263888888888889 32 72
1 58.26470588235294 10.40625 17 32
1 24.166666666666668 62.75 9 8
1 46.26190476190476 7.037037037037037 21 54
1 15.0 5.697183098591549 56 142
1 8.63888888888889 5.8478260869565215 36 92
1 8.166666666666666 8.141509433962264 27 53
