1 25.425925925925927 5.008064516129032 54 124
1 12.394736842105264 5.587912087912088 76 91
1 0.5 4.072519083969466 28 131
1 12.068181818181818 4.605263157894737 44 133
1 36.15217391304348 4.148936170212766 46 94
1 49.59090909090909 4.5131578947368425 22 76
1 43.28125 4.782608695652174 32 92
1 13.085365853658537 11.84 82 50
1 14.482758620689655 4.798969072164948 58 97
1 13.466666666666667 4.512987012987013 30 77
1 51.19444444444444 4.681818181818182 36 99
1 32.46969696969697 4.387755102040816 33 98
1 20.036585365853657 5.462962962962963 41 81
1 11.456521739130435 5.1103896103896105 23 77
1 10.41891891891892 4.972222222222222 74 108
1 12.880952380952381 4.988372093023256 21 43
1 73.4090909090909 49.25 11 12
1 10.366666666666667 4.931578947368421 75 95
1 6.860655737704918 4.865671641791045 61 134
1 0.5 4.243589743589744 30 117
1 29.775862068965516 4.853383458646617 58 133
1 28.12121212121212 5.020833333333333 66 96
