1 17.37878787878788 5.327067669172933 66 133
1 13.481818181818182 4.988 55 125
1 20.709302325581394 4.672413793103448 43 87
1 6.036585365853658 4.8924050632911396 41 79
1 17.725 4.830357142857143 40 112
1 0.7105263157894737 4.882978723404255 57 141
1 22.25 5.2011494252873565 44 87
1 2.009433962264151 4.972527472527473 53 91
1 0.5 4.8061224489795915 40 98
1 106.7 57.92857142857143 15 14
1 26.080645161290324 7.736559139784946 62 93
1 29.304347826086957 4.762135922330097 46 103
1 57.02 4.666666666666667 25 66
1 31.0 4.980314960629921 56 127
