1 19.160377358490567 5.482456140350878 53 114
1 27.122222222222224 6.329268292682927 45 82
1 9.351063829787234 5.678217821782178 47 101
1 48.1764705882353 5.1375 34 80
1 43.8125 5.5 32 64
1 24.622448979591837 5.682795698924731 49 93
1 15.863636363636363 4.958333333333333 44 120
1 14.738805970149254 5.548192771084337 67 83
1 20.32608695652174 5.359375 23 64
1 66.54 5.212643678160919 25 87
1 34.44285714285714 5.026315789473684 35 76
1 17.46875 7.458333333333333 32 48
1 22.11904761904762 5.2875 42 80
1 16.86 5.1875 50 80
1 10.653846153846153 5.808510638297872 52 94
1 36.5 6.9 18 35
1 41.55555555555556 19.566666666666666 18 15
1 8.576923076923077 5.760273972602739 39 73
1 10.3125 6.02 48 100
1 4.684210526315789 5.96875 76 96
1 23.20967741935484 5.541322314049586 62 121
1 28.916666666666668 5.321782178217822 60 101
