1 32.4622641509434 5.847107438016529 53 121
1 33.47727272727273 6.17741935483871 44 93
1 3.106060606060606 5.75 33 72
1 11.353658536585366 6.370588235294117 41 85
1 46.527027027027025 5.58080808080808 37 99
1 13.206666666666667 6.121359223300971 75 103
1 57.5 6.02112676056338 27 71
1 40.404761904761905 6.518518518518518 21 54
1 56.46153846153846 7.433333333333334 26 45
1 50.6875 5.797297297297297 32 74
1 54.611111111111114 5.771428571428571 27 70
1 31.20967741935484 6.428571428571429 31 70
1 62.38235294117647 7.342105263157895 17 38
1 32.19230769230769 27.4 13 10
1 36.86363636363637 6.372727272727273 22 55
1 11.722222222222221 5.882352941176471 63 136
1 7.890243902439025 5.592783505154639 41 97
1 5.537037037037037 6.016129032258065 27 62
1 29.661290322580644 6.1115702479338845 62 121
