1 34.2 6.038461538461538 50 91
1 15.80952380952381 6.428571428571429 42 70
1 9.027777777777779 6.456043956043956 72 91
1 30.30851063829787 6.8924050632911396 47 79
1 47.274193548387096 5.916666666666667 31 72
1 26.583333333333332 6.565573770491803 36 61
1 75.88095238095238 7.565217391304348 21 46
1 79.45833333333333 7.991228070175438 24 57
1 42.111111111111114 6.161764705882353 36 68
1 31.916666666666668 6.572463768115942 36 69
1 47.15 8.371794871794872 20 39
1 25.1 63.75 10 8
1 40.28260869565217 6.741379310344827 23 58
1 13.942622950819672 5.705479452054795 61 146
1 5.287234042553192 5.949438202247191 47 89
1 2.8636363636363638 6.640625 33 64
