1 12.118181818181819 5.130769230769231 110 130
1 10.253246753246753 5.033898305084746 77 118
1 21.598039215686274 4.707792207792208 51 77
1 19.18421052631579 4.22972972972973 38 74
1 18.5 4.867924528301887 45 106
1 8.112244897959183 4.964912280701754 49 114
1 8.053191489361701 4.166666666666667 47 96
1 27.15909090909091 4.511363636363637 44 88
1 13.3 4.39873417721519 45 79
1 9.095744680851064 4.488235294117647 47 85
1 4.0 4.336956521739131 52 92
1 3.2142857142857144 4.571428571428571 21 42
1 91.94444444444444 48.3235294117647 18 17
1 14.836448598130842 6.252380952380952 107 105
1 21.61764705882353 4.927083333333333 68 96
