1 34.217948717948715 4.646788990825688 39 109
1 9.6 4.868421052631579 60 95
1 16.23134328358209 4.902877697841727 67 139
1 51.64705882352941 4.323529411764706 34 102
1 25.19090909090909 4.773584905660377 55 106
1 23.97457627118644 4.535714285714286 59 84
1 24.157894736842106 4.753521126760563 38 71
1 30.598360655737704 4.51 61 100
1 43.98837209302326 4.115384615384615 43 78
1 49.05172413793103 4.885964912280702 29 57
1 40.94444444444444 4.273809523809524 36 84
1 32.11764705882353 4.1117647058823525 34 85
1 13.605263157894736 4.357142857142857 38 98
1 22.458333333333332 4.911764705882353 24 51
1 37.42307692307692 45.583333333333336 13 12
1 6.704545454545454 4.35 44 80
1 7.183333333333334 11.5 60 83
