1 19.106060606060606 6.221739130434782 66 115
1 21.516666666666666 5.781553398058253 60 103
1 9.597560975609756 5.47979797979798 41 99
1 69.6923076923077 5.333333333333333 26 66
1 23.20689655172414 5.69 58 100
1 6.435064935064935 5.760162601626016 77 123
1 42.24193548387097 4.945783132530121 31 83
1 40.6764705882353 6.0 17 54
1 50.196969696969695 5.658730158730159 33 63
1 51.5 6.833333333333333 22 45
1 45.8 5.636986301369863 30 73
1 46.0 4.765822784810126 26 79
1 18.85 5.109195402298851 40 87
1 56.5 6.75 16 36
1 33.607142857142854 41.56666666666667 28 15
1 25.891304347826086 5.6525423728813555 23 59
1 16.012820512820515 4.692592592592592 39 135
1 4.122641509433962 5.189320388349515 53 103
1 0.5 5.161538461538462 11 65
1 18.6 5.959016393442623 70 122
