1 9.350877192982455 5.195652173913044 114 138
1 12.432203389830509 4.9958677685950414 59 121
1 26.014285714285716 4.744186046511628 35 86
1 6.7105263157894735 4.841772151898734 38 79
1 18.36842105263158 4.70353982300885 38 113
1 1.0483870967741935 4.78169014084507 62 142
1 30.323529411764707 4.876344086021505 34 93
1 2.026315789473684 4.663265306122449 57 98
1 0.5 4.8232323232323235 13 99
1 103.23333333333333 51.785714285714285 15 14
1 28.053571428571427 4.962686567164179 56 134
1 34.25 4.566037735849057 40 106
1 43.31818181818182 4.485074626865671 33 67
1 28.016129032258064 4.861538461538461 62 130
