1 10.430434782608696 4.920731707317073 115 164
1 21.782608695652176 4.060975609756097 46 123
1 10.524096385542169 3.966666666666667 83 120
1 16.539473684210527 4.22108843537415 76 147
1 46.578947368421055 3.3271604938271606 38 81
1 33.30434782608695 3.69811320754717 46 106
1 19.19333333333333 6.785714285714286 75 77
1 23.28723404255319 3.947058823529412 47 85
1 20.804347826086957 4.264705882352941 46 68
1 19.178571428571427 4.05 56 100
1 19.603448275862068 3.9411764705882355 58 68
1 32.854838709677416 3.9915254237288136 31 59
1 30.25 3.707317073170732 32 82
1 18.905405405405407 3.489247311827957 37 93
1 6.9 3.7285714285714286 40 105
1 8.38888888888889 3.5 27 60
1 20.833333333333332 47.31818181818182 21 11
