1 15.972222222222221 6.257009345794392 72 107
1 13.578125 4.875 64 112
1 7.421052631578948 9.139344262295081 38 61
1 30.477777777777778 4.355421686746988 45 83
1 33.71875 4.194444444444445 32 72
1 17.267857142857142 5.14 56 100
1 14.159574468085106 5.150485436893204 47 103
1 16.214285714285715 4.282608695652174 42 92
1 13.318181818181818 4.357142857142857 22 70
1 38.05263157894737 4.75 38 84
1 28.742424242424242 4.318181818181818 33 77
1 5.313953488372093 5.207692307692308 43 65
1 19.414285714285715 5.6940298507462686 35 67
1 18.46551724137931 4.429411764705883 29 85
1 3.7195121951219514 5.578431372549019 82 102
1 26.125 5.166666666666667 16 36
1 74.07142857142857 40.73529411764706 21 17
1 0.9150943396226415 4.837078651685394 53 89
1 1.5842105263157895 4.753968253968254 95 126
1 0.78125 4.94 32 100
1 15.4375 5.7342342342342345 96 111
1 24.20149253731343 4.88 67 100
