1 29.655555555555555 7.2272727272727275 45 99
1 29.977272727272727 5.674757281553398 44 103
1 9.792682926829269 5.160194174757281 41 103
1 66.10714285714286 5.393939393939394 28 66
1 33.357142857142854 5.490196078431373 42 102
1 9.620689655172415 5.421259842519685 58 127
1 43.24193548387097 4.921686746987952 31 83
1 39.333333333333336 6.018518518518518 18 54
1 60.535714285714285 5.484615384615385 28 65
1 49.041666666666664 6.833333333333333 24 45
1 48.56896551724138 5.205128205128205 29 78
1 44.07142857142857 5.162162162162162 28 74
1 20.657894736842106 5.028735632183908 38 87
1 54.44117647058823 6.805555555555555 17 36
1 27.928571428571427 32.85 28 20
1 23.923076923076923 5.6525423728813555 26 59
1 12.558823529411764 4.714814814814815 51 135
1 4.596153846153846 5.105769230769231 52 104
1 0.6851851851851852 5.1923076923076925 27 65
1 23.710526315789473 5.804 57 125
