1 13.727848101265822 4.77906976744186 79 129
1 13.74561403508772 4.166666666666667 57 120
1 10.484615384615385 4.314814814814815 65 135
1 40.785714285714285 3.5816326530612246 42 98
1 32.803030303030305 3.8797468354430378 33 79
1 28.520833333333332 4.292079207920792 48 101
1 14.011627906976743 9.261904761904763 86 63
1 20.03846153846154 8.160377358490566 39 53
1 10.157894736842104 3.875 38 80
1 31.155172413793103 4.119047619047619 58 105
1 19.183333333333334 4.045454545454546 60 99
1 17.97826086956522 3.9752475247524752 46 101
1 4.794117647058823 4.410256410256411 34 78
1 5.788135593220339 4.047008547008547 59 117
1 11.833333333333334 3.630434782608696 18 46
1 42.611111111111114 47.714285714285715 18 14
1 13.689655172413794 4.185714285714286 58 105
1 0.8333333333333334 4.220779220779221 66 154
1 22.3 5.1976744186046515 65 129
1 30.910714285714285 4.336363636363636 56 110
