1 18.27777777777778 5.276119402985074 63 134
1 13.971698113207546 5.004 53 125
1 21.19047619047619 4.613636363636363 42 88
1 7.042857142857143 4.8924050632911396 35 79
1 17.725 4.887387387387387 40 111
1 0.6451612903225806 4.890070921985815 62 141
1 23.238095238095237 5.189655172413793 42 87
1 2.0 5.022222222222222 52 90
1 0.5 4.860824742268041 43 97
1 106.9 58.357142857142854 15 14
1 26.549180327868854 8.140449438202246 61 89
1 30.613636363636363 4.762135922330097 44 103
1 59.333333333333336 4.681818181818182 24 66
1 31.572727272727274 4.9375 55 128
