1 10.517241379310345 4.893939393939394 116 165
1 21.91304347826087 4.0528455284552845 46 123
1 10.5 3.95 83 120
1 17.458333333333332 4.1824324324324325 72 148
1 44.425 3.3271604938271606 40 81
1 39.32051282051282 3.6018518518518516 39 108
1 20.01388888888889 6.475 72 80
1 22.02 3.947058823529412 50 85
1 21.233333333333334 4.25 45 68
1 18.655172413793103 4.116161616161616 58 99
1 19.483050847457626 3.926470588235294 59 68
1 32.09375 3.9915254237288136 32 59
1 32.5 3.644578313253012 30 83
1 18.55263157894737 3.5434782608695654 38 92
1 6.340909090909091 3.769230769230769 44 104
1 8.5 3.5 27 60
1 20.071428571428573 47.40909090909091 21 11
