1 14.081196581196581 4.6657142857142855 117 175
1 24.074468085106382 3.877952755905512 47 127
1 10.193333333333333 3.76271186440678 75 118
1 15.73076923076923 4.27027027027027 78 148
1 40.62820512820513 3.685185185185185 39 108
1 23.15625 4.39908256880734 64 109
1 32.57692307692308 3.478723404255319 39 94
1 21.872093023255815 3.720779220779221 43 77
1 21.483870967741936 3.9423076923076925 62 104
1 31.02173913043478 3.423076923076923 46 78
1 35.38235294117647 3.6587301587301586 34 63
1 30.7972972972973 3.7650602409638556 37 83
1 24.042857142857144 3.3125 35 96
1 6.833333333333333 3.892156862745098 51 102
1 10.274193548387096 3.45 31 60
1 26.423076923076923 42.833333333333336 13 12
1 0.6875 3.4473684210526314 32 95
