1 34.766666666666666 6.0054945054945055 45 91
1 6.7272727272727275 6.082089552238806 44 67
1 12.011111111111111 7.585714285714285 45 70
1 54.07142857142857 6.17816091954023 35 87
1 34.470588235294116 7.208860759493671 34 79
1 66.3 5.894366197183099 25 71
1 45.30952380952381 6.445454545454545 21 55
1 70.23913043478261 7.388888888888889 23 45
1 53.13636363636363 6.380597014925373 33 67
1 58.907407407407405 6.090909090909091 27 66
1 38.357142857142854 6.859375 28 64
1 68.375 8.271428571428572 16 35
1 31.4 30.9 10 10
1 46.5 6.833333333333333 20 51
1 13.55084745762712 5.403448275862069 59 145
1 7.2555555555555555 5.552631578947368 45 95
1 7.196969696969697 5.7272727272727275 33 66
