1 8.766666666666667 5.095744680851064 120 141
1 12.568965517241379 5.03781512605042 58 119
1 26.12857142857143 4.755813953488372 35 86
1 5.863636363636363 4.829113924050633 44 79
1 19.22222222222222 4.705357142857143 36 112
1 1.3 4.6875 55 144
1 30.61764705882353 4.956521739130435 34 92
1 2.06140350877193 4.621212121212121 57 99
1 103.36666666666666 51.357142857142854 15 14
1 27.394736842105264 4.7214285714285715 57 140
1 34.35 4.556603773584905 40 106
1 39.75 4.382352941176471 36 68
1 26.348484848484848 4.820610687022901 66 131
