1 21.76086956521739 5.9953271028037385 46 107
1 19.741935483870968 6.295180722891566 62 83
1 9.423076923076923 5.415094339622642 39 106
1 47.44117647058823 5.5 34 76
1 31.181818181818183 6.0 44 60
1 32.833333333333336 6.155172413793103 36 87
1 14.21111111111111 5.395652173913043 45 115
1 33.36206896551724 4.961538461538462 29 91
1 12.176470588235293 5.612903225806452 34 62
1 34.0 5.536144578313253 48 83
1 25.47826086956522 5.105263157894737 46 76
1 19.27777777777778 7.009803921568627 27 51
1 22.35 5.3375 40 80
1 27.266666666666666 4.993975903614458 30 83
1 7.950704225352113 5.636842105263158 71 95
1 33.888888888888886 7.071428571428571 18 35
1 48.55882352941177 15.9 17 15
1 7.380952380952381 6.108695652173913 42 69
1 9.520408163265307 5.89622641509434 49 106
1 4.666666666666667 5.058558558558558 54 111
1 22.125 5.580645161290323 64 124
1 24.01388888888889 5.773684210526316 72 95
