1 35.18181818181818 6.207865168539326 44 89
1 6.525 6.196969696969697 40 66
1 11.347826086956522 8.022388059701493 46 67
1 44.5 5.8478260869565215 42 92
1 27.404761904761905 7.036585365853658 42 82
1 63.34615384615385 6.0 26 70
1 42.59090909090909 6.285714285714286 22 56
1 72.63636363636364 7.825581395348837 22 43
1 56.04838709677419 6.195652173913044 31 69
1 58.46296296296296 6.106060606060606 27 66
1 39.092592592592595 6.776923076923077 27 65
1 68.25 8.271428571428572 16 35
1 32.6 28.4 10 10
1 41.54545454545455 6.556603773584905 22 53
1 12.926229508196721 5.877777777777778 61 135
1 7.386363636363637 5.520833333333333 44 96
1 8.203703703703704 5.696969696969697 27 66
