1 22.93548387096774 5.1976744186046515 62 129
1 13.592592592592593 5.003937007874016 54 127
1 24.81578947368421 4.648148148148148 38 81
1 9.761904761904763 4.461038961038961 42 77
1 11.61111111111111 4.802752293577981 63 109
1 2.25 5.023809523809524 60 126
1 2.402439024390244 4.552083333333333 41 96
1 27.175675675675677 4.813953488372093 37 86
1 6.090909090909091 4.644578313253012 44 83
1 5.078947368421052 4.810344827586207 38 87
1 95.97058823529412 45.970588235294116 17 17
1 22.585714285714285 6.077981651376147 70 109
1 27.70408163265306 5.01063829787234 49 94
1 52.04838709677419 4.315384615384615 31 65
1 25.694444444444443 4.96969696969697 72 132
