1 21.8 4.7101449275362315 50 138
1 12.007042253521126 5.29047619047619 71 105
1 28.522727272727273 4.546511627906977 44 86
1 17.06756756756757 4.552631578947368 37 76
1 33.0 4.591836734693878 30 98
1 12.00909090909091 6.510309278350515 55 97
1 9.476190476190476 4.858695652173913 42 92
1 41.984848484848484 4.65625 33 96
1 13.404761904761905 4.520833333333333 42 96
1 8.841463414634147 4.52970297029703 41 101
1 8.64102564102564 5.799065420560748 78 107
1 31.214285714285715 41.125 21 16
1 4.284313725490196 4.947916666666667 51 96
1 21.256756756756758 5.25 74 128
1 29.3 5.166666666666667 55 93
1 59.327586206896555 4.161764705882353 29 68
