1 13.73076923076923 6.648514851485149 78 101
1 15.30327868852459 5.313725490196078 61 102
1 1.9146341463414633 4.150485436893204 41 103
1 8.37037037037037 4.87037037037037 54 108
1 37.109756097560975 4.293103448275862 41 87
1 38.9375 4.5 32 70
1 15.818181818181818 4.951923076923077 66 104
1 15.56 5.166666666666667 50 102
1 23.5 4.327956989247312 36 93
1 18.34 4.776923076923077 25 65
1 41.78947368421053 4.876470588235295 38 85
1 31.02777777777778 4.422077922077922 36 77
1 12.125 5.176923076923077 32 65
1 23.794117647058822 4.5120481927710845 34 83
1 17.67948717948718 4.476190476190476 39 84
1 5.184782608695652 11.026315789473685 92 57
1 32.111111111111114 5.277777777777778 18 36
1 79.05555555555556 34.6 18 20
1 3.9318181818181817 5.121951219512195 44 82
1 4.126506024096385 4.901709401709402 83 117
1 3.4607843137254903 4.908163265306122 51 98
1 20.7 6.132075471698113 70 106
1 26.176923076923078 5.142857142857143 65 98
