1 14.194444444444445 7.134408602150538 72 93
1 17.75 5.605263157894737 60 95
1 3.9166666666666665 4.594736842105263 48 95
1 14.865853658536585 5.802083333333333 41 96
1 36.08695652173913 4.747058823529412 46 85
1 42.0 4.871428571428571 34 70
1 21.68867924528302 5.215686274509804 53 102
1 20.151162790697676 5.51010101010101 43 99
1 22.84090909090909 4.774725274725275 44 91
1 24.5 5.069230769230769 25 65
1 33.911764705882355 5.051724137931035 51 87
1 38.89393939393939 4.6923076923076925 33 78
1 18.532258064516128 5.596774193548387 31 62
1 32.36666666666667 4.761904761904762 30 84
1 20.402439024390244 4.865853658536586 41 82
1 9.318181818181818 7.2125 66 80
1 49.56666666666667 5.851351351351352 15 37
1 51.166666666666664 25.91176470588235 21 17
1 7.144444444444445 4.948275862068965 45 87
1 10.785714285714286 6.188172043010753 49 93
1 7.6568627450980395 5.308510638297872 51 94
1 19.324324324324323 7.718390804597701 74 87
1 30.194915254237287 5.33 59 100
